256     16      1.E-9      1.     100      50      0.000001

0.0 0.0 0.0 0.0 0.0 0.0 0.0 0.0 0.0 0.0 0.0 0.0 0.0 0.0 0.0 0.0 0.0 0.0 0.0 0.0 0.0 0.0 0.0 0.0 0.0 0.0 0.0 0.0 0.0 0.0 1.1955614773396803 1.1955614773396803
0.0 0.0 0.0 0.0 0.0 0.0 0.0 0.0 0.0 0.0 0.0 0.0 0.0 0.0 0.0 0.0 0.0 0.0 0.0 0.0 0.0 0.0 0.0 0.0 0.0 0.0 0.0 0.0 0.0 0.0 1.3928384937193985 1.3928384937193985 
0.0 0.0 0.0 0.0 0.0 0.0 0.0 0.0 0.0 0.0 0.0 0.0 0.0 0.0 0.0 0.0 0.0 0.0 0.0 0.0 0.0 0.0 0.0 0.0 0.0 0.0 0.0 0.0 0.10233836027869936 0.10233836027869936 1.4629429815068251 1.4629429815068251 
0.0 0.0 0.0 0.0 0.0 0.0 0.0 0.0 0.0 0.0 0.0 0.0 0.0 0.0 0.0 0.0 0.0 0.0 0.0 0.0 0.0 0.0 0.0 0.0 0.0 0.0 0.0 0.0 0.3163710869201499 0.3163710869201499 1.4001867029870811 1.4001867029870811 
0.0 0.0 0.0 0.0 0.0 0.0 0.0 0.0 0.0 0.0 0.0 0.0 0.0 0.0 0.0 0.0 0.0 0.0 0.0 0.0 0.0 0.0 0.0 0.0 0.07362271647565466 0.07362271647565466 0.0 0.0 0.46205347981810263 0.46205347981810263 1.2688128892918926 1.2688128892918926 
0.0 0.0 0.0 0.0 0.0 0.0 0.0 0.0 0.0 0.0 0.0 0.0 0.0 0.0 0.0 0.0 0.0 0.0 0.0 0.0 0.0 0.0 0.44219016886548435 0.44219016886548435 0.1591137975760084 0.1591137975760084 0.0 0.0 0.5115735377541473 0.5115735377541473 0.688701604115564 0.688701604115564 
0.0 0.0 0.0 0.0 0.0 0.0 0.0 0.0 0.0 0.0 0.0 0.0 0.0 0.0 0.0 0.0 0.0 0.0 0.0 0.0 0.15298985962077793 0.15298985962077793 0.5887124230475738 0.5887124230475738 0.25910679383913204 0.25910679383913204 0.0 0.0 0.40592204026110457 0.40592204026110457 0.39509412670962263 0.39509412670962263 
0.0 0.0 0.0 0.0 0.0 0.0 0.0 0.0 0.0 0.0 0.0 0.0 0.0 0.0 0.0 0.0 0.0 0.0 0.0 0.0 0.31649283471461676 0.31649283471461676 0.5983771317221644 0.5983771317221644 0.3819218586228661 0.3819218586228661 0.0 0.0 0.28836668715868985 0.28836668715868985 0.22069997176947376 0.22069997176947376 
0.0 0.0 0.0 0.0 0.0 0.0 0.0 0.0 0.0 0.0 0.0 0.0 0.0 0.0 0.0 0.0 0.0 0.0 0.0 0.0 0.43192494876265153 0.43192494876265153 0.5909828333139404 0.5909828333139404 0.5407675519781956 0.5407675519781956 0.0 0.0 0.2181963626934209 0.2181963626934209 0.032240989190701175 0.032240989190701175 
0.0 0.0 0.0 0.0 0.0 0.0 0.0 0.0 0.0 0.0 0.0 0.0 0.0 0.0 0.0 0.0 0.2016803283815254 0.2016803283815254 0.0 0.0 0.5081770285996519 0.5081770285996519 0.37294254672827876 0.37294254672827876 0.5569238020584286 0.5569238020584286 0.0 0.0 0.18714038163449098 0.18714038163449098 0.0 0.0 
0.0 0.0 0.0 0.0 0.0 0.0 0.0 0.0 0.0 0.0 0.0 0.0 0.0 0.0 0.0 0.0 0.5288878691602827 0.5288878691602827 0.0 0.0 0.5496070168995693 0.5496070168995693 0.023397821652951123 0.023397821652951123 0.5509865708454373 0.5509865708454373 0.0 0.0 0.19137781654553798 0.19137781654553798 0.0 0.0 
0.0 0.0 0.0 0.0 0.0 0.0 0.0 0.0 0.0 0.0 0.0 0.0 0.0 0.0 0.0 0.0 0.5248609279394019 0.5248609279394019 0.525414970493197 0.525414970493197 0.03359576278154952 0.03359576278154952 0.0 0.0 0.5538822882081385 0.5538822882081385 0.0 0.0 0.22856923363348125 0.22856923363348125 0.0 0.0 
0.0 0.0 0.0 0.0 0.0 0.0 0.0 0.0 0.0 0.0 0.0 0.0 0.0 0.0 0.0 0.0 0.4919307294060902 0.4919307294060902 0.5383195770049465 0.5383195770049465 0.0 0.0 0.0 0.0 0.5655833074772085 0.5655833074772085 0.29716262780428915 0.29716262780428915 0.0 0.0 0.0 0.0 
0.0 0.0 0.0 0.0 0.0 0.0 0.0 0.0 0.0 0.0 0.0 0.0 0.0 0.0 0.0 0.0 0.451761973513233 0.451761973513233 0.48846007401861735 0.48846007401861735 0.0 0.0 0.0 0.0 0.5873650674847328 0.5873650674847328 0.39653871735577173 0.39653871735577173 0.0 0.0 0.0 0.0 
0.0 0.0 0.0 0.0 0.0 0.0 0.0 0.0 0.0 0.0 0.0 0.0 0.0 0.0 0.0 0.0 0.4004464242763639 0.4004464242763639 0.4083455484596903 0.4083455484596903 0.0 0.0 0.0 0.0 0.6226715732803279 0.6226715732803279 0.5280251891410814 0.5280251891410814 0.0 0.0 0.0 0.0 
0.0 0.0 0.0 0.0 0.0 0.0 0.0 0.0 0.0 0.0 0.0 0.0 0.0 0.0 0.0 0.0 0.3283615191190066 0.3283615191190066 0.2911943979612541 0.2911943979612541 0.0 0.0 0.0 0.0 0.680657492964555 0.680657492964555 0.6806574929645555 0.6806574929645555 0.0 0.0 0.0 0.0 
0.0 0.0 0.0 0.0 0.0 0.0 0.0 0.0 0.0 0.0 0.0 0.0 0.0 0.0 0.0 0.0 0.0 0.0 0.0 0.0 0.0 0.0 0.0 0.0 0.0 0.0 0.0 0.0 0.0 0.0 1.1726464701153014 1.1726464701153014 
0.0 0.0 0.0 0.0 0.0 0.0 0.0 0.0 0.0 0.0 0.0 0.0 0.0 0.0 0.0 0.0 0.0 0.0 0.0 0.0 0.0 0.0 0.0 0.0 0.0 0.0 0.0 0.0 0.0 0.0 1.365078073914936 1.365078073914936 
0.0 0.0 0.0 0.0 0.0 0.0 0.0 0.0 0.0 0.0 0.0 0.0 0.0 0.0 0.0 0.0 0.0 0.0 0.0 0.0 0.0 0.0 0.0 0.0 0.0 0.0 0.0 0.0 0.10022650889406126 0.10022650889406126 1.4327537332843066 1.4327537332843066 
0.0 0.0 0.0 0.0 0.0 0.0 0.0 0.0 0.0 0.0 0.0 0.0 0.0 0.0 0.0 0.0 0.0 0.0 0.0 0.0 0.0 0.0 0.0 0.0 0.0 0.0 0.0 0.0 0.3096441298710757 0.3096441298710757 1.3704147162250404 1.3704147162250404 
0.0 0.0 0.0 0.0 0.0 0.0 0.0 0.0 0.0 0.0 0.0 0.0 0.0 0.0 0.0 0.0 0.0 0.0 0.0 0.0 0.0 0.0 0.0 0.0 0.07201829351202749 0.07201829351202749 0.0 0.0 0.49439915317576544 0.49439915317576544 1.241162285869791 1.241162285869791 
0.0 0.0 0.0 0.0 0.0 0.0 0.0 0.0 0.0 0.0 0.0 0.0 0.0 0.0 0.0 0.0 0.0 0.0 0.0 0.0 0.0 0.0 0.4323702891000001 0.4323702891000001 0.15558029893392966 0.15558029893392966 0.0 0.0 0.6543145792844407 0.6543145792844407 0.6734073542138355 0.6734073542138355 
0.0 0.0 0.0 0.0 0.0 0.0 0.0 0.0 0.0 0.0 0.0 0.0 0.0 0.0 0.0 0.0 0.0 0.0 0.0 0.0 0.1495486836811759 0.1495486836811759 0.5754706106127025 0.5754706106127025 0.2532787470198423 0.2532787470198423 0.0 0.0 0.6394860860294109 0.6394860860294109 0.3862073390095686 0.3862073390095686 
0.0 0.0 0.0 0.0 0.0 0.0 0.0 0.0 0.0 0.0 0.0 0.0 0.0 0.0 0.0 0.0 0.0 0.0 0.0 0.0 0.3093279618149558 0.3093279618149558 0.584830865821014 0.584830865821014 0.37327578113077253 0.37327578113077253 0.0 0.0 0.5889794715527938 0.5889794715527938 0.21570369042202087 0.21570369042202087 
0.0 0.0 0.0 0.0 0.0 0.0 0.0 0.0 0.0 0.0 0.0 0.0 0.0 0.0 0.0 0.0 0.0 0.0 0.0 0.0 0.4221468842359535 0.4221468842359535 0.5776039620658946 0.5776039620658946 0.5285254714215273 0.5285254714215273 0.0 0.0 0.5600365780860757 0.5600365780860757 0.03151110666454837 0.03151110666454837 
0.0 0.0 0.0 0.0 0.0 0.0 0.0 0.0 0.0 0.0 0.0 0.0 0.0 0.0 0.0 0.0 0.19714396567593306 0.19714396567593306 0.0 0.0 0.49674668564613933 0.49674668564613933 0.3645540109008971 0.3645540109008971 0.5443970058865442 0.5443970058865442 0.0 0.0 0.5386673752910212 0.5386673752910212 0.0 0.0 
0.0 0.0 0.0 0.0 0.0 0.0 0.0 0.0 0.0 0.0 0.0 0.0 0.0 0.0 0.0 0.0 0.5171426616675316 0.5171426616675316 0.0 0.0 0.5374016916702207 0.5374016916702207 0.02287821761924791 0.02287821761924791 0.5387506093540662 0.5387506093540662 0.0 0.0 0.5387506093540666 0.5387506093540666 0.0 0.0 
0.0 0.0 0.0 0.0 0.0 0.0 0.0 0.0 0.0 0.0 0.0 0.0 0.0 0.0 0.0 0.0 0.5134228967744543 0.5134228967744543 0.513964865356535 0.513964865356535 0.03286362715999713 0.03286362715999713 0.0 0.0 0.541811809083107 0.541811809083107 0.0 0.0 0.5418118090831077 0.5418118090831077 0.0 0.0 
0.0 0.0 0.0 0.0 0.0 0.0 0.0 0.0 0.0 0.0 0.0 0.0 0.0 0.0 0.0 0.0 0.48147087063691574 0.48147087063691574 0.5268733582355849 0.5268733582355849 0.0 0.0 0.0 0.0 0.5535573835721186 0.5535573835721186 0.5535573835721181 0.5535573835721181 0.0 0.0 0.0 0.0 
0.0 0.0 0.0 0.0 0.0 0.0 0.0 0.0 0.0 0.0 0.0 0.0 0.0 0.0 0.0 0.0 0.44243942675078785 0.44243942675078785 0.47838022633641186 0.47838022633641186 0.0 0.0 0.0 0.0 0.5752442192741845 0.5752442192741845 0.5752442192741842 0.5752442192741842 0.0 0.0 0.0 0.0 
0.0 0.0 0.0 0.0 0.0 0.0 0.0 0.0 0.0 0.0 0.0 0.0 0.0 0.0 0.0 0.0 0.392465196806536 0.392465196806536 0.4002068849307592 0.4002068849307592 0.0 0.0 0.0 0.0 0.6102612153296327 0.6102612153296327 0.6102612153296327 0.6102612153296327 0.0 0.0 0.0 0.0 
0.0 0.0 0.0 0.0 0.0 0.0 0.0 0.0 0.0 0.0 0.0 0.0 0.0 0.0 0.0 0.0 0.32206790166358124 0.32206790166358124 0.28561315278110033 0.28561315278110033 0.0 0.0 0.0 0.0 0.6676115127584032 0.6676115127584032 0.6676115127584032 0.6676115127584032 0.0 0.0 0.0 0.0 
0.0 0.0 0.0 0.0 0.0 0.0 0.0 0.0 0.0 0.0 0.0 0.0 0.0 0.0 0.0 0.0 0.0 0.0 0.0 0.0 0.0 0.0 0.0 0.0 0.0 0.0 0.0 0.0 0.0 0.0 1.152642503973779 1.152642503973779 
0.0 0.0 0.0 0.0 0.0 0.0 0.0 0.0 0.0 0.0 0.0 0.0 0.0 0.0 0.0 0.0 0.0 0.0 0.0 0.0 0.0 0.0 0.0 0.0 0.0 0.0 0.0 0.0 0.0 0.0 1.3408260516223325 1.3408260516223325 
0.0 0.0 0.0 0.0 0.0 0.0 0.0 0.0 0.0 0.0 0.0 0.0 0.0 0.0 0.0 0.0 0.0 0.0 0.0 0.0 0.0 0.0 0.0 0.0 0.0 0.0 0.0 0.0 0.09838027546137651 0.09838027546137651 1.4063615355276118 1.4063615355276118 
0.0 0.0 0.0 0.0 0.0 0.0 0.0 0.0 0.0 0.0 0.0 0.0 0.0 0.0 0.0 0.0 0.0 0.0 0.0 0.0 0.0 0.0 0.0 0.0 0.0 0.0 0.0 0.0 0.30375961955203445 0.30375961955203445 1.3443712076904242 1.3443712076904242 
0.0 0.0 0.0 0.0 0.0 0.0 0.0 0.0 0.0 0.0 0.0 0.0 0.0 0.0 0.0 0.0 0.0 0.0 0.0 0.0 0.0 0.0 0.0 0.0 0.07061406529000869 0.07061406529000869 0.0 0.0 0.48475925183992397 0.48475925183992397 1.216961835887833 1.216961835887833 
0.0 0.0 0.0 0.0 0.0 0.0 0.0 0.0 0.0 0.0 0.0 0.0 0.0 0.0 0.0 0.0 0.0 0.0 0.0 0.0 0.0 0.0 0.4237721754847805 0.4237721754847805 0.15248642981237426 0.15248642981237426 0.0 0.0 0.6413028825175418 0.6413028825175418 0.6600159786109605 0.6600159786109605 
0.0 0.0 0.0 0.0 0.0 0.0 0.0 0.0 0.0 0.0 0.0 0.0 0.0 0.0 0.0 0.0 0.0 0.0 0.0 0.0 0.14653479908459222 0.14653479908459222 0.5638730360542381 0.5638730360542381 0.2481743696659584 0.2481743696659584 0.0 0.0 0.626598394764116 0.626598394764116 0.3784240250981572 0.3784240250981572 
0.0 0.0 0.0 0.0 0.0 0.0 0.0 0.0 0.0 0.0 0.0 0.0 0.0 0.0 0.0 0.0 0.0 0.0 0.0 0.0 0.30305184774074867 0.30305184774074867 0.5729649316633831 0.5729649316633831 0.365702196868392 0.365702196868392 0.0 0.0 0.5770293642002495 0.5770293642002495 0.21132716733185775 0.21132716733185775 
0.0 0.0 0.0 0.0 0.0 0.0 0.0 0.0 0.0 0.0 0.0 0.0 0.0 0.0 0.0 0.0 0.0 0.0 0.0 0.0 0.41358172903307056 0.41358172903307056 0.565884658274636 0.565884658274636 0.5178019463631933 0.5178019463631933 0.0 0.0 0.5486737079815622 0.5486737079815622 0.030871761618368687 0.030871761618368687 
0.0 0.0 0.0 0.0 0.0 0.0 0.0 0.0 0.0 0.0 0.0 0.0 0.0 0.0 0.0 0.0 0.1931708838216868 0.1931708838216868 0.0 0.0 0.4867356501263296 0.4867356501263296 0.3572070808508825 0.3572070808508825 0.5334256639122728 0.5334256639122728 0.0 0.0 0.533425663912273 0.533425663912273 0.0 0.0 
0.0 0.0 0.0 0.0 0.0 0.0 0.0 0.0 0.0 0.0 0.0 0.0 0.0 0.0 0.0 0.0 0.506858765034502 0.506858765034502 0.0 0.0 0.5267149240581062 0.5267149240581062 0.02242326148705498 0.02242326148705498 0.5280370171709847 0.5280370171709847 0.0 0.0 0.5280370171709845 0.5280370171709845 0.0 0.0 
0.0 0.0 0.0 0.0 0.0 0.0 0.0 0.0 0.0 0.0 0.0 0.0 0.0 0.0 0.0 0.0 0.5034120663822979 0.5034120663822979 0.5039434675440586 0.5039434675440586 0.032222845068591965 0.032222845068591965 0.0 0.0 0.5312474455549638 0.5312474455549638 0.0 0.0 0.5312474455549641 0.5312474455549641 0.0 0.0 
0.0 0.0 0.0 0.0 0.0 0.0 0.0 0.0 0.0 0.0 0.0 0.0 0.0 0.0 0.0 0.0 0.4723209464715197 0.4723209464715197 0.5168606003168232 0.5168606003168232 0.0 0.0 0.0 0.0 0.543037519568343 0.543037519568343 0.5430375195683435 0.5430375195683435 0.0 0.0 0.0 0.0 
0.0 0.0 0.0 0.0 0.0 0.0 0.0 0.0 0.0 0.0 0.0 0.0 0.0 0.0 0.0 0.0 0.43428942261895775 0.43428942261895775 0.46956817075208024 0.46956817075208024 0.0 0.0 0.0 0.0 0.5646478698522355 0.5646478698522355 0.5646478698522355 0.5646478698522355 0.0 0.0 0.0 0.0 
0.0 0.0 0.0 0.0 0.0 0.0 0.0 0.0 0.0 0.0 0.0 0.0 0.0 0.0 0.0 0.0 0.38549264711586084 0.38549264711586084 0.3930967961523515 0.3930967961523515 0.0 0.0 0.0 0.0 0.5994192943572747 0.5994192943572747 0.5994192943572747 0.5994192943572747 0.0 0.0 0.0 0.0 
0.0 0.0 0.0 0.0 0.0 0.0 0.0 0.0 0.0 0.0 0.0 0.0 0.0 0.0 0.0 0.0 0.31657380300355054 0.31657380300355054 0.28074092915410587 0.28074092915410587 0.0 0.0 0.0 0.0 0.656222847515078 0.656222847515078 0.6562228475150778 0.6562228475150778 0.0 0.0 0.0 0.0 
0.0 0.0 0.0 0.0 0.0 0.0 0.0 0.0 0.0 0.0 0.0 0.0 0.0 0.0 0.0 0.0 0.0 0.0 0.0 0.0 0.0 0.0 0.0 0.0 0.0 0.0 0.0 0.0 0.0 0.0 1.1357034121538159 1.1357034121538159 
0.0 0.0 0.0 0.0 0.0 0.0 0.0 0.0 0.0 0.0 0.0 0.0 0.0 0.0 0.0 0.0 0.0 0.0 0.0 0.0 0.0 0.0 0.0 0.0 0.0 0.0 0.0 0.0 0.0 0.0 1.320275777276852 1.320275777276852 
0.0 0.0 0.0 0.0 0.0 0.0 0.0 0.0 0.0 0.0 0.0 0.0 0.0 0.0 0.0 0.0 0.0 0.0 0.0 0.0 0.0 0.0 0.0 0.0 0.0 0.0 0.0 0.0 0.09681485696331249 0.09681485696331249 1.3839836314980272 1.3839836314980272 
0.0 0.0 0.0 0.0 0.0 0.0 0.0 0.0 0.0 0.0 0.0 0.0 0.0 0.0 0.0 0.0 0.0 0.0 0.0 0.0 0.0 0.0 0.0 0.0 0.0 0.0 0.0 0.0 0.29876733850838244 0.29876733850838244 1.3222765036422548 1.3222765036422548 
0.0 0.0 0.0 0.0 0.0 0.0 0.0 0.0 0.0 0.0 0.0 0.0 0.0 0.0 0.0 0.0 0.0 0.0 0.0 0.0 0.0 0.0 0.0 0.0 0.06942218111270915 0.06942218111270915 0.0 0.0 0.4765770734071344 0.4765770734071344 1.1964209202697507 1.1964209202697507 
0.0 0.0 0.0 0.0 0.0 0.0 0.0 0.0 0.0 0.0 0.0 0.0 0.0 0.0 0.0 0.0 0.0 0.0 0.0 0.0 0.0 0.0 0.4164715055046808 0.4164715055046808 0.14985942132785102 0.14985942132785102 0.0 0.0 0.6302546330726844 0.6302546330726844 0.6486453433494166 0.6486453433494166 
0.0 0.0 0.0 0.0 0.0 0.0 0.0 0.0 0.0 0.0 0.0 0.0 0.0 0.0 0.0 0.0 0.0 0.0 0.0 0.0 0.14397504229119829 0.14397504229119829 0.5540229673765742 0.5540229673765742 0.24383911256206958 0.24383911256206958 0.0 0.0 0.6156526023124522 0.6156526023124522 0.3718134897503824 0.3718134897503824 
0.0 0.0 0.0 0.0 0.0 0.0 0.0 0.0 0.0 0.0 0.0 0.0 0.0 0.0 0.0 0.0 0.0 0.0 0.0 0.0 0.29772070435418785 0.29772070435418785 0.5628856061983185 0.5628856061983185 0.3592689384579255 0.3592689384579255 0.0 0.0 0.5668785391789193 0.5668785391789193 0.20760960072099355 0.20760960072099355 
0.0 0.0 0.0 0.0 0.0 0.0 0.0 0.0 0.0 0.0 0.0 0.0 0.0 0.0 0.0 0.0 0.0 0.0 0.0 0.0 0.40630619675707935 0.40630619675707935 0.555929885597924 0.555929885597924 0.5086930217930854 0.5086930217930854 0.0 0.0 0.5390217021235153 0.5390217021235153 0.030328680330430124 0.030328680330430124 
0.0 0.0 0.0 0.0 0.0 0.0 0.0 0.0 0.0 0.0 0.0 0.0 0.0 0.0 0.0 0.0 0.18979646023604513 0.18979646023604513 0.0 0.0 0.47823306306318303 0.47823306306318303 0.3509671756708981 0.3509671756708981 0.5241074679922646 0.5241074679922646 0.0 0.0 0.5241074679922639 0.5241074679922639 0.0 0.0 
0.0 0.0 0.0 0.0 0.0 0.0 0.0 0.0 0.0 0.0 0.0 0.0 0.0 0.0 0.0 0.0 0.4981266943981906 0.4981266943981906 0.0 0.0 0.5176407751248004 0.5176407751248004 0.02203695761562452 0.02203695761562452 0.5189400914579398 0.5189400914579398 0.0 0.0 0.5189400914579396 0.5189400914579396 0.0 0.0 
0.0 0.0 0.0 0.0 0.0 0.0 0.0 0.0 0.0 0.0 0.0 0.0 0.0 0.0 0.0 0.0 0.49491504990097424 0.49491504990097424 0.49543748162252355 0.49543748162252355 0.03167896051773367 0.03167896051773367 0.0 0.0 0.5222805998991125 0.5222805998991125 0.0 0.0 0.522280599899112 0.522280599899112 0.0 0.0 
0.0 0.0 0.0 0.0 0.0 0.0 0.0 0.0 0.0 0.0 0.0 0.0 0.0 0.0 0.0 0.0 0.46455836462779754 0.46455836462779754 0.5083660104797061 0.5083660104797061 0.0 0.0 0.0 0.0 0.5341127127789091 0.5341127127789091 0.5341127127789091 0.5341127127789091 0.0 0.0 0.0 0.0 
0.0 0.0 0.0 0.0 0.0 0.0 0.0 0.0 0.0 0.0 0.0 0.0 0.0 0.0 0.0 0.0 0.42737904660616133 0.42737904660616133 0.46209644232735947 0.46209644232735947 0.0 0.0 0.0 0.0 0.5556632414171851 0.5556632414171851 0.5556632414171849 0.5556632414171849 0.0 0.0 0.0 0.0 
0.0 0.0 0.0 0.0 0.0 0.0 0.0 0.0 0.0 0.0 0.0 0.0 0.0 0.0 0.0 0.0 0.37958436419817 0.37958436419817 0.3870719676554084 0.3870719676554084 0.0 0.0 0.0 0.0 0.5902322481090945 0.5902322481090945 0.5902322481090945 0.5902322481090945 0.0 0.0 0.0 0.0 
0.0 0.0 0.0 0.0 0.0 0.0 0.0 0.0 0.0 0.0 0.0 0.0 0.0 0.0 0.0 0.0 0.31192147350990096 0.31192147350990096 0.27661519514710253 0.27661519514710253 0.0 0.0 0.0 0.0 0.6465790776297133 0.6465790776297133 0.6465790776297133 0.6465790776297133 0.0 0.0 0.0 0.0 
0.0 0.0 0.0 0.0 0.0 0.0 0.0 0.0 0.0 0.0 0.0 0.0 0.0 0.0 0.0 0.0 0.0 0.0 0.0 0.0 0.0 0.0 0.0 0.0 0.0 0.0 0.0 0.0 0.0 0.0 1.1219680205364726 1.1219680205364726 
0.0 0.0 0.0 0.0 0.0 0.0 0.0 0.0 0.0 0.0 0.0 0.0 0.0 0.0 0.0 0.0 0.0 0.0 0.0 0.0 0.0 0.0 0.0 0.0 0.0 0.0 0.0 0.0 0.0 0.0 1.3036023281460798 1.3036023281460798 
0.0 0.0 0.0 0.0 0.0 0.0 0.0 0.0 0.0 0.0 0.0 0.0 0.0 0.0 0.0 0.0 0.0 0.0 0.0 0.0 0.0 0.0 0.0 0.0 0.0 0.0 0.0 0.0 0.0955440572301769 0.0955440572301769 1.3658173491242442 1.3658173491242442 
0.0 0.0 0.0 0.0 0.0 0.0 0.0 0.0 0.0 0.0 0.0 0.0 0.0 0.0 0.0 0.0 0.0 0.0 0.0 0.0 0.0 0.0 0.0 0.0 0.0 0.0 0.0 0.0 0.2947126319494462 0.2947126319494462 1.3043312916963565 1.3043312916963565 
0.0 0.0 0.0 0.0 0.0 0.0 0.0 0.0 0.0 0.0 0.0 0.0 0.0 0.0 0.0 0.0 0.0 0.0 0.0 0.0 0.0 0.0 0.0 0.0 0.06845373358245088 0.06845373358245088 0.0 0.0 0.4699287676016821 0.4699287676016821 1.1797307087723128 1.1797307087723128 
0.0 0.0 0.0 0.0 0.0 0.0 0.0 0.0 0.0 0.0 0.0 0.0 0.0 0.0 0.0 0.0 0.0 0.0 0.0 0.0 0.0 0.0 0.41053750308969406 0.41053750308969406 0.14772418240678675 0.14772418240678675 0.0 0.0 0.621274588903332 0.621274588903332 0.6394032631998074 0.6394032631998074 
0.0 0.0 0.0 0.0 0.0 0.0 0.0 0.0 0.0 0.0 0.0 0.0 0.0 0.0 0.0 0.0 0.0 0.0 0.0 0.0 0.14189399272254422 0.14189399272254422 0.5460149873896536 0.5460149873896536 0.2403146039254116 0.2403146039254116 0.0 0.0 0.6067538128966268 0.6067538128966268 0.3664392089712154 0.3664392089712154 
0.0 0.0 0.0 0.0 0.0 0.0 0.0 0.0 0.0 0.0 0.0 0.0 0.0 0.0 0.0 0.0 0.0 0.0 0.0 0.0 0.29338604961178705 0.29338604961178705 0.5546902918427763 0.5546902918427763 0.35403817423794526 0.35403817423794526 0.0 0.0 0.5586250898477902 0.5586250898477902 0.2045869156098452 0.2045869156098452 
0.0 0.0 0.0 0.0 0.0 0.0 0.0 0.0 0.0 0.0 0.0 0.0 0.0 0.0 0.0 0.0 0.0 0.0 0.0 0.0 0.4003905951315265 0.4003905951315265 0.5478358428262766 0.5478358428262766 0.5012867225767668 0.5012867225767668 0.0 0.0 0.5311738334896097 0.5311738334896097 0.02988711091284335 0.02988711091284335 
0.0 0.0 0.0 0.0 0.0 0.0 0.0 0.0 0.0 0.0 0.0 0.0 0.0 0.0 0.0 0.0 0.18705309697376737 0.18705309697376737 0.0 0.0 0.47132056841295444 0.47132056841295444 0.3458942124828417 0.3458942124828417 0.5165318937619181 0.5165318937619181 0.0 0.0 0.5165318937619179 0.5165318937619179 0.0 0.0 
0.0 0.0 0.0 0.0 0.0 0.0 0.0 0.0 0.0 0.0 0.0 0.0 0.0 0.0 0.0 0.0 0.49102924602907594 0.49102924602907594 0.0 0.0 0.5102652846792712 0.5102652846792712 0.02172296888414671 0.02172296888414671 0.511546087990135 0.511546087990135 0.0 0.0 0.5115460879901348 0.5115460879901348 0.0 0.0 
0.0 0.0 0.0 0.0 0.0 0.0 0.0 0.0 0.0 0.0 0.0 0.0 0.0 0.0 0.0 0.0 0.4880109271828157 0.4880109271828157 0.48852607092086675 0.48852607092086675 0.031237035320585083 0.031237035320585083 0.0 0.0 0.5149947245640687 0.5149947245640687 0.0 0.0 0.5149947245640689 0.5149947245640689 0.0 0.0 
0.0 0.0 0.0 0.0 0.0 0.0 0.0 0.0 0.0 0.0 0.0 0.0 0.0 0.0 0.0 0.0 0.4582536331351621 0.4582536331351621 0.5014667456292603 0.5014667456292603 0.0 0.0 0.0 0.0 0.5268640277970507 0.5268640277970507 0.5268640277970507 0.5268640277970507 0.0 0.0 0.0 0.0 
0.0 0.0 0.0 0.0 0.0 0.0 0.0 0.0 0.0 0.0 0.0 0.0 0.0 0.0 0.0 0.0 0.4217692342755879 0.4217692342755879 0.45603092662024247 0.45603092662024247 0.0 0.0 0.0 0.0 0.5483695602503145 0.5483695602503145 0.5483695602503147 0.5483695602503147 0.0 0.0 0.0 0.0 
0.0 0.0 0.0 0.0 0.0 0.0 0.0 0.0 0.0 0.0 0.0 0.0 0.0 0.0 0.0 0.0 0.3747906834412993 0.3747906834412993 0.3821837277333193 0.3821837277333193 0.0 0.0 0.0 0.0 0.5827783452703359 0.5827783452703359 0.5827783452703361 0.5827783452703361 0.0 0.0 0.0 0.0 
0.0 0.0 0.0 0.0 0.0 0.0 0.0 0.0 0.0 0.0 0.0 0.0 0.0 0.0 0.0 0.0 0.3081490417758166 0.3081490417758166 0.27326976359165167 0.27326976359165167 0.0 0.0 0.0 0.0 0.638759239503152 0.638759239503152 0.6387592395031523 0.6387592395031523 0.0 0.0 0.0 0.0 
0.0 0.0 0.0 0.0 0.0 0.0 0.0 0.0 0.0 0.0 0.0 0.0 0.0 0.0 0.0 0.0 0.0 0.0 0.0 0.0 0.0 0.0 0.0 0.0 0.0 0.0 0.0 0.0 0.0 0.0 1.1115550990180674 1.1115550990180674 
0.0 0.0 0.0 0.0 0.0 0.0 0.0 0.0 0.0 0.0 0.0 0.0 0.0 0.0 0.0 0.0 0.0 0.0 0.0 0.0 0.0 0.0 0.0 0.0 0.0 0.0 0.0 0.0 0.0 0.0 1.2909559273502706 1.2909559273502706 
0.0 0.0 0.0 0.0 0.0 0.0 0.0 0.0 0.0 0.0 0.0 0.0 0.0 0.0 0.0 0.0 0.0 0.0 0.0 0.0 0.0 0.0 0.0 0.0 0.0 0.0 0.0 0.0 0.09457975274542507 0.09457975274542507 1.352032464608195 1.352032464608195 
0.0 0.0 0.0 0.0 0.0 0.0 0.0 0.0 0.0 0.0 0.0 0.0 0.0 0.0 0.0 0.0 0.0 0.0 0.0 0.0 0.0 0.0 0.0 0.0 0.0 0.0 0.0 0.0 0.29163460885834436 0.29163460885834436 1.29070865934521 1.29070865934521 
0.0 0.0 0.0 0.0 0.0 0.0 0.0 0.0 0.0 0.0 0.0 0.0 0.0 0.0 0.0 0.0 0.0 0.0 0.0 0.0 0.0 0.0 0.0 0.0 0.06771830955934766 0.06771830955934766 0.0 0.0 0.46488014736206873 0.46488014736206873 1.1670564212116752 1.1670564212116752 
0.0 0.0 0.0 0.0 0.0 0.0 0.0 0.0 0.0 0.0 0.0 0.0 0.0 0.0 0.0 0.0 0.0 0.0 0.0 0.0 0.0 0.0 0.4060300929148801 0.4060300929148801 0.14610227581400093 0.14610227581400093 0.0 0.0 0.6144534352150468 0.6144534352150468 0.6323830695447266 0.6323830695447266 
0.0 0.0 0.0 0.0 0.0 0.0 0.0 0.0 0.0 0.0 0.0 0.0 0.0 0.0 0.0 0.0 0.0 0.0 0.0 0.0 0.14031295181393588 0.14031295181393588 0.5399310650528979 0.5399310650528979 0.237636920307861 0.237636920307861 0.0 0.0 0.5999931137208754 0.5999931137208754 0.3623561934130144 0.3623561934130144 
0.0 0.0 0.0 0.0 0.0 0.0 0.0 0.0 0.0 0.0 0.0 0.0 0.0 0.0 0.0 0.0 0.0 0.0 0.0 0.0 0.29009255649887766 0.29009255649887766 0.5484634495699419 0.5484634495699419 0.3500638125049891 0.3500638125049891 0.0 0.0 0.5523540763195465 0.5523540763195465 0.20229026381455717 0.20229026381455717 
0.0 0.0 0.0 0.0 0.0 0.0 0.0 0.0 0.0 0.0 0.0 0.0 0.0 0.0 0.0 0.0 0.0 0.0 0.0 0.0 0.39589589039254536 0.39589589039254536 0.5416859472271429 0.5416859472271429 0.4956593780912837 0.4956593780912837 0.0 0.0 0.5252109822747304 0.5252109822747304 0.029551604183446267 0.029551604183446267 
0.0 0.0 0.0 0.0 0.0 0.0 0.0 0.0 0.0 0.0 0.0 0.0 0.0 0.0 0.0 0.0 0.18496887485327518 0.18496887485327518 0.0 0.0 0.46606892184616644 0.46606892184616644 0.34204011767943787 0.34204011767943787 0.5107764841144127 0.5107764841144127 0.0 0.0 0.5107764841144129 0.5107764841144129 0.0 0.0 
0.0 0.0 0.0 0.0 0.0 0.0 0.0 0.0 0.0 0.0 0.0 0.0 0.0 0.0 0.0 0.0 0.48563809369091215 0.48563809369091215 0.0 0.0 0.5046629343002893 0.5046629343002893 0.02148446611585264 0.02148446611585264 0.5059296753005671 0.5059296753005671 0.0 0.0 0.5059296753005671 0.5059296753005671 0.0 0.0 
0.0 0.0 0.0 0.0 0.0 0.0 0.0 0.0 0.0 0.0 0.0 0.0 0.0 0.0 0.0 0.0 0.48276804355025904 0.48276804355025904 0.4832776529067573 0.4832776529067573 0.030901444185040372 0.030901444185040372 0.0 0.0 0.5094619439194672 0.5094619439194672 0.0 0.0 0.5094619439194674 0.5094619439194674 0.0 0.0 
0.0 0.0 0.0 0.0 0.0 0.0 0.0 0.0 0.0 0.0 0.0 0.0 0.0 0.0 0.0 0.0 0.4534675632098928 0.4534675632098928 0.4962293514522438 0.4962293514522438 0.0 0.0 0.0 0.0 0.5213613805820247 0.5213613805820247 0.5213613805820247 0.5213613805820247 0.0 0.0 0.0 0.0 
0.0 0.0 0.0 0.0 0.0 0.0 0.0 0.0 0.0 0.0 0.0 0.0 0.0 0.0 0.0 0.0 0.4175124131196424 0.4175124131196424 0.4514283099795655 0.4514283099795655 0.0 0.0 0.0 0.0 0.5428349907377692 0.5428349907377692 0.5428349907377692 0.5428349907377692 0.0 0.0 0.0 0.0 
0.0 0.0 0.0 0.0 0.0 0.0 0.0 0.0 0.0 0.0 0.0 0.0 0.0 0.0 0.0 0.0 0.3711547945701299 0.3711547945701299 0.37847611806264014 0.37847611806264014 0.0 0.0 0.0 0.0 0.5771247434239135 0.5771247434239135 0.5771247434239135 0.5771247434239135 0.0 0.0 0.0 0.0 
0.0 0.0 0.0 0.0 0.0 0.0 0.0 0.0 0.0 0.0 0.0 0.0 0.0 0.0 0.0 0.0 0.30528912800888786 0.30528912800888786 0.2707335624258853 0.2707335624258853 0.0 0.0 0.0 0.0 0.6328309512557546 0.6328309512557546 0.6328309512557548 0.6328309512557548 0.0 0.0 0.0 0.0 
0.0 0.0 0.0 0.0 0.0 0.0 0.0 0.0 0.0 0.0 0.0 0.0 0.0 0.0 0.0 0.0 0.0 0.0 0.0 0.0 0.0 0.0 0.0 0.0 0.0 0.0 0.0 0.0 0.0 0.0 1.1045586166054828 1.1045586166054828 
0.0 0.0 0.0 0.0 0.0 0.0 0.0 0.0 0.0 0.0 0.0 0.0 0.0 0.0 0.0 0.0 0.0 0.0 0.0 0.0 0.0 0.0 0.0 0.0 0.0 0.0 0.0 0.0 0.0 0.0 1.2824557135834096 1.2824557135834096 
0.0 0.0 0.0 0.0 0.0 0.0 0.0 0.0 0.0 0.0 0.0 0.0 0.0 0.0 0.0 0.0 0.0 0.0 0.0 0.0 0.0 0.0 0.0 0.0 0.0 0.0 0.0 0.0 0.09393138347205321 0.09393138347205321 1.3427639237079847 1.3427639237079847 
0.0 0.0 0.0 0.0 0.0 0.0 0.0 0.0 0.0 0.0 0.0 0.0 0.0 0.0 0.0 0.0 0.0 0.0 0.0 0.0 0.0 0.0 0.0 0.0 0.0 0.0 0.0 0.0 0.2895644168739562 0.2895644168739562 1.2815464589766774 1.2815464589766774 
0.0 0.0 0.0 0.0 0.0 0.0 0.0 0.0 0.0 0.0 0.0 0.0 0.0 0.0 0.0 0.0 0.0 0.0 0.0 0.0 0.0 0.0 0.0 0.0 0.06722355729237517 0.06722355729237517 0.0 0.0 0.46148371723446635 0.46148371723446635 1.158529867406126 1.158529867406126 
0.0 0.0 0.0 0.0 0.0 0.0 0.0 0.0 0.0 0.0 0.0 0.0 0.0 0.0 0.0 0.0 0.0 0.0 0.0 0.0 0.0 0.0 0.40299714592706226 0.40299714592706226 0.14501092700740892 0.14501092700740892 0.0 0.0 0.6098636160661517 0.6098636160661517 0.6276593203463574 0.6276593203463574 
0.0 0.0 0.0 0.0 0.0 0.0 0.0 0.0 0.0 0.0 0.0 0.0 0.0 0.0 0.0 0.0 0.0 0.0 0.0 0.0 0.1392489519915201 0.1392489519915201 0.5358367419707666 0.5358367419707666 0.23583490817898345 0.23583490817898345 0.0 0.0 0.5954433372519348 0.5954433372519348 0.3596084290729511 0.3596084290729511 
0.0 0.0 0.0 0.0 0.0 0.0 0.0 0.0 0.0 0.0 0.0 0.0 0.0 0.0 0.0 0.0 0.0 0.0 0.0 0.0 0.28787596198516363 0.28787596198516363 0.5442726454763724 0.5442726454763724 0.34738897818447656 0.34738897818447656 0.0 0.0 0.5481335439833357 0.5481335439833357 0.20074456579885913 0.20074456579885913 
0.0 0.0 0.0 0.0 0.0 0.0 0.0 0.0 0.0 0.0 0.0 0.0 0.0 0.0 0.0 0.0 0.0 0.0 0.0 0.0 0.39287085359313023 0.39287085359313023 0.5375469299656501 0.5375469299656501 0.49187204941450613 0.49187204941450613 0.0 0.0 0.5211978500665024 0.5211978500665024 0.02932580065199608 0.02932580065199608 
0.0 0.0 0.0 0.0 0.0 0.0 0.0 0.0 0.0 0.0 0.0 0.0 0.0 0.0 0.0 0.0 0.18356624703130775 0.18356624703130775 0.0 0.0 0.46253469892755694 0.46253469892755694 0.3394464111130402 0.3394464111130402 0.5069032416135115 0.5069032416135115 0.0 0.0 0.5069032416135113 0.5069032416135113 0.0 0.0 
0.0 0.0 0.0 0.0 0.0 0.0 0.0 0.0 0.0 0.0 0.0 0.0 0.0 0.0 0.0 0.0 0.48201049411361274 0.48201049411361274 0.0 0.0 0.5008932237464219 0.5008932237464219 0.021323982329237268 0.021323982329237268 0.5021505024965682 0.5021505024965682 0.0 0.0 0.5021505024965682 0.5021505024965682 0.0 0.0 
0.0 0.0 0.0 0.0 0.0 0.0 0.0 0.0 0.0 0.0 0.0 0.0 0.0 0.0 0.0 0.0 0.47924092384626205 0.47924092384626205 0.47974680997951413 0.47974680997951413 0.030675677185497907 0.030675677185497907 0.0 0.0 0.5057397976737883 0.5057397976737883 0.0 0.0 0.5057397976737881 0.5057397976737881 0.0 0.0 
0.0 0.0 0.0 0.0 0.0 0.0 0.0 0.0 0.0 0.0 0.0 0.0 0.0 0.0 0.0 0.0 0.45024858684006763 0.45024858684006763 0.49270682705153135 0.49270682705153135 0.0 0.0 0.0 0.0 0.5176604544289998 0.5176604544289998 0.5176604544289996 0.5176604544289996 0.0 0.0 0.0 0.0 
0.0 0.0 0.0 0.0 0.0 0.0 0.0 0.0 0.0 0.0 0.0 0.0 0.0 0.0 0.0 0.0 0.41465025486631535 0.41465025486631535 0.44833364926387764 0.44833364926387764 0.0 0.0 0.0 0.0 0.5391137129982022 0.5391137129982022 0.5391137129982022 0.5391137129982022 0.0 0.0 0.0 0.0 
0.0 0.0 0.0 0.0 0.0 0.0 0.0 0.0 0.0 0.0 0.0 0.0 0.0 0.0 0.0 0.0 0.3687109504174373 0.3687109504174373 0.37598406714051036 0.37598406714051036 0.0 0.0 0.0 0.0 0.5733247037902474 0.5733247037902474 0.5733247037902474 0.5733247037902474 0.0 0.0 0.0 0.0 
0.0 0.0 0.0 0.0 0.0 0.0 0.0 0.0 0.0 0.0 0.0 0.0 0.0 0.0 0.0 0.0 0.3033675408408254 0.3033675408408254 0.2690294790118637 0.2690294790118637 0.0 0.0 0.0 0.0 0.6288477113565261 0.6288477113565261 0.6288477113565261 0.6288477113565261 0.0 0.0 0.0 0.0 
0.0 0.0 0.0 0.0 0.0 0.0 0.0 0.0 0.0 0.0 0.0 0.0 0.0 0.0 0.0 0.0 0.0 0.0 0.0 0.0 0.0 0.0 0.0 0.0 0.0 0.0 0.0 0.0 0.0 0.0 1.101043703582919 1.101043703582919 
0.0 0.0 0.0 0.0 0.0 0.0 0.0 0.0 0.0 0.0 0.0 0.0 0.0 0.0 0.0 0.0 0.0 0.0 0.0 0.0 0.0 0.0 0.0 0.0 0.0 0.0 0.0 0.0 0.0 0.0 1.2781844087508294 1.2781844087508294 
0.0 0.0 0.0 0.0 0.0 0.0 0.0 0.0 0.0 0.0 0.0 0.0 0.0 0.0 0.0 0.0 0.0 0.0 0.0 0.0 0.0 0.0 0.0 0.0 0.0 0.0 0.0 0.0 0.09360551472412304 0.09360551472412304 1.3381055786223446 1.3381055786223446 
0.0 0.0 0.0 0.0 0.0 0.0 0.0 0.0 0.0 0.0 0.0 0.0 0.0 0.0 0.0 0.0 0.0 0.0 0.0 0.0 0.0 0.0 0.0 0.0 0.0 0.0 0.0 0.0 0.28852375073354075 0.28852375073354075 1.276940706579258 1.276940706579258 
0.0 0.0 0.0 0.0 0.0 0.0 0.0 0.0 0.0 0.0 0.0 0.0 0.0 0.0 0.0 0.0 0.0 0.0 0.0 0.0 0.0 0.0 0.0 0.0 0.06697481062141386 0.06697481062141386 0.0 0.0 0.45977609355328974 0.45977609355328974 1.1542429706792159 1.1542429706792159 
0.0 0.0 0.0 0.0 0.0 0.0 0.0 0.0 0.0 0.0 0.0 0.0 0.0 0.0 0.0 0.0 0.0 0.0 0.0 0.0 0.0 0.0 0.40147208030173687 0.40147208030173687 0.14446216088757224 0.14446216088757224 0.0 0.0 0.607555703847916 0.607555703847916 0.625284063688714 0.625284063688714 
0.0 0.0 0.0 0.0 0.0 0.0 0.0 0.0 0.0 0.0 0.0 0.0 0.0 0.0 0.0 0.0 0.0 0.0 0.0 0.0 0.13871389159970482 0.13871389159970482 0.5337778035514309 0.5337778035514309 0.23492871882122457 0.23492871882122457 0.0 0.0 0.5931553620767049 0.5931553620767049 0.3582266432554806 0.3582266432554806 
0.0 0.0 0.0 0.0 0.0 0.0 0.0 0.0 0.0 0.0 0.0 0.0 0.0 0.0 0.0 0.0 0.0 0.0 0.0 0.0 0.2867612396494654 0.2867612396494654 0.5421650958552144 0.5421650958552144 0.34604380767948784 0.34604380767948784 0.0 0.0 0.546011044069795 0.546011044069795 0.1999672363903071 0.1999672363903071 
0.0 0.0 0.0 0.0 0.0 0.0 0.0 0.0 0.0 0.0 0.0 0.0 0.0 0.0 0.0 0.0 0.0 0.0 0.0 0.0 0.39134956674262167 0.39134956674262167 0.5354654238711958 0.5354654238711958 0.4899674070261404 0.4899674070261404 0.0 0.0 0.5191796513923901 0.5191796513923901 0.029212244366249474 0.029212244366249474 
0.0 0.0 0.0 0.0 0.0 0.0 0.0 0.0 0.0 0.0 0.0 0.0 0.0 0.0 0.0 0.0 0.1828608986128415 0.1828608986128415 0.0 0.0 0.4607574216576289 0.4607574216576289 0.3381420973129532 0.3381420973129532 0.5049554793992117 0.5049554793992117 0.0 0.0 0.5049554793992117 0.5049554793992117 0.0 0.0 
0.0 0.0 0.0 0.0 0.0 0.0 0.0 0.0 0.0 0.0 0.0 0.0 0.0 0.0 0.0 0.0 0.48018641758342584 0.48018641758342584 0.0 0.0 0.4989976891372718 0.4989976891372718 0.02124328579633472 0.02124328579633472 0.5002502099564419 0.5002502099564419 0.0 0.0 0.5002502099564419 0.5002502099564419 0.0 0.0 
0.0 0.0 0.0 0.0 0.0 0.0 0.0 0.0 0.0 0.0 0.0 0.0 0.0 0.0 0.0 0.0 0.4774675933472934 0.4774675933472934 0.47797160755503887 0.47797160755503887 0.030562168277509016 0.030562168277509016 0.0 0.0 0.5038684136514067 0.5038684136514067 0.0 0.0 0.5038684136514067 0.5038684136514067 0.0 0.0 
0.0 0.0 0.0 0.0 0.0 0.0 0.0 0.0 0.0 0.0 0.0 0.0 0.0 0.0 0.0 0.0 0.4486304375379131 0.4486304375379131 0.49093608699445435 0.49093608699445435 0.0 0.0 0.0 0.0 0.5158000334802813 0.5158000334802813 0.5158000334802813 0.5158000334802813 0.0 0.0 0.0 0.0 
0.0 0.0 0.0 0.0 0.0 0.0 0.0 0.0 0.0 0.0 0.0 0.0 0.0 0.0 0.0 0.0 0.4132117414069405 0.4132117414069405 0.44677828065819636 0.44677828065819636 0.0 0.0 0.0 0.0 0.5372434082698694 0.5372434082698694 0.5372434082698696 0.5372434082698696 0.0 0.0 0.0 0.0 
0.0 0.0 0.0 0.0 0.0 0.0 0.0 0.0 0.0 0.0 0.0 0.0 0.0 0.0 0.0 0.0 0.3674829338491763 0.3674829338491763 0.3747318269688331 0.3747318269688331 0.0 0.0 0.0 0.0 0.5714152073826892 0.5714152073826892 0.5714152073826888 0.5714152073826888 0.0 0.0 0.0 0.0 
0.0 0.0 0.0 0.0 0.0 0.0 0.0 0.0 0.0 0.0 0.0 0.0 0.0 0.0 0.0 0.0 0.30240216833465805 0.30240216833465805 0.26817337666925134 0.26817337666925134 0.0 0.0 0.0 0.0 0.6268465998024368 0.6268465998024368 0.6268465998024366 0.6268465998024366 0.0 0.0 0.0 0.0 
0.0 0.0 0.0 0.0 0.0 0.0 0.0 0.0 0.0 0.0 0.0 0.0 0.0 0.0 1.101043703582919 1.101043703582919 0.0 0.0 0.0 0.0 0.0 0.0 0.0 0.0 0.0 0.0 0.0 0.0 0.0 0.0 0.0 0.0 
0.0 0.0 0.0 0.0 0.0 0.0 0.0 0.0 0.0 0.0 0.0 0.0 0.0 0.0 1.2781844087508294 1.2781844087508294 0.0 0.0 0.0 0.0 0.0 0.0 0.0 0.0 0.0 0.0 0.0 0.0 0.0 0.0 0.0 0.0 
0.0 0.0 0.0 0.0 0.0 0.0 0.0 0.0 0.0 0.0 0.0 0.0 0.09360551472412304 0.09360551472412304 1.3381055786223446 1.3381055786223446 0.0 0.0 0.0 0.0 0.0 0.0 0.0 0.0 0.0 0.0 0.0 0.0 0.0 0.0 0.0 0.0 
0.0 0.0 0.0 0.0 0.0 0.0 0.0 0.0 0.0 0.0 0.0 0.0 0.28852375073354075 0.28852375073354075 1.276940706579258 1.276940706579258 0.0 0.0 0.0 0.0 0.0 0.0 0.0 0.0 0.0 0.0 0.0 0.0 0.0 0.0 0.0 0.0 
0.0 0.0 0.0 0.0 0.0 0.0 0.0 0.0 0.06697481062141386 0.06697481062141386 0.0 0.0 0.45977609355328974 0.45977609355328974 1.1542429706792159 1.1542429706792159 0.0 0.0 0.0 0.0 0.0 0.0 0.0 0.0 0.0 0.0 0.0 0.0 0.0 0.0 0.0 0.0 
0.0 0.0 0.0 0.0 0.0 0.0 0.40147208030173687 0.40147208030173687 0.14446216088757224 0.14446216088757224 0.0 0.0 0.607555703847916 0.607555703847916 0.625284063688714 0.625284063688714 0.0 0.0 0.0 0.0 0.0 0.0 0.0 0.0 0.0 0.0 0.0 0.0 0.0 0.0 0.0 0.0 
0.0 0.0 0.0 0.0 0.13871389159970482 0.13871389159970482 0.5337778035514309 0.5337778035514309 0.23492871882122457 0.23492871882122457 0.0 0.0 0.5931553620767049 0.5931553620767049 0.3582266432554806 0.3582266432554806 0.0 0.0 0.0 0.0 0.0 0.0 0.0 0.0 0.0 0.0 0.0 0.0 0.0 0.0 0.0 0.0 
0.0 0.0 0.0 0.0 0.2867612396494654 0.2867612396494654 0.5421650958552144 0.5421650958552144 0.34604380767948784 0.34604380767948784 0.0 0.0 0.546011044069795 0.546011044069795 0.1999672363903071 0.1999672363903071 0.0 0.0 0.0 0.0 0.0 0.0 0.0 0.0 0.0 0.0 0.0 0.0 0.0 0.0 0.0 0.0 
0.0 0.0 0.0 0.0 0.39134956674262167 0.39134956674262167 0.5354654238711958 0.5354654238711958 0.4899674070261404 0.4899674070261404 0.0 0.0 0.5191796513923901 0.5191796513923901 0.029212244366249474 0.029212244366249474 0.0 0.0 0.0 0.0 0.0 0.0 0.0 0.0 0.0 0.0 0.0 0.0 0.0 0.0 0.0 0.0 
0.1828608986128415 0.1828608986128415 0.0 0.0 0.4607574216576289 0.4607574216576289 0.3381420973129532 0.3381420973129532 0.5049554793992117 0.5049554793992117 0.0 0.0 0.5049554793992117 0.5049554793992117 0.0 0.0 0.0 0.0 0.0 0.0 0.0 0.0 0.0 0.0 0.0 0.0 0.0 0.0 0.0 0.0 0.0 0.0 
0.48018641758342584 0.48018641758342584 0.0 0.0 0.4989976891372718 0.4989976891372718 0.02124328579633472 0.02124328579633472 0.5002502099564419 0.5002502099564419 0.0 0.0 0.5002502099564419 0.5002502099564419 0.0 0.0 0.0 0.0 0.0 0.0 0.0 0.0 0.0 0.0 0.0 0.0 0.0 0.0 0.0 0.0 0.0 0.0 
0.4774675933472934 0.4774675933472934 0.47797160755503887 0.47797160755503887 0.030562168277509016 0.030562168277509016 0.0 0.0 0.5038684136514067 0.5038684136514067 0.0 0.0 0.5038684136514067 0.5038684136514067 0.0 0.0 0.0 0.0 0.0 0.0 0.0 0.0 0.0 0.0 0.0 0.0 0.0 0.0 0.0 0.0 0.0 0.0 
0.4486304375379131 0.4486304375379131 0.49093608699445435 0.49093608699445435 0.0 0.0 0.0 0.0 0.5158000334802813 0.5158000334802813 0.5158000334802813 0.5158000334802813 0.0 0.0 0.0 0.0 0.0 0.0 0.0 0.0 0.0 0.0 0.0 0.0 0.0 0.0 0.0 0.0 0.0 0.0 0.0 0.0 
0.4132117414069405 0.4132117414069405 0.44677828065819636 0.44677828065819636 0.0 0.0 0.0 0.0 0.5372434082698694 0.5372434082698694 0.5372434082698696 0.5372434082698696 0.0 0.0 0.0 0.0 0.0 0.0 0.0 0.0 0.0 0.0 0.0 0.0 0.0 0.0 0.0 0.0 0.0 0.0 0.0 0.0 
0.3674829338491763 0.3674829338491763 0.3747318269688331 0.3747318269688331 0.0 0.0 0.0 0.0 0.5714152073826892 0.5714152073826892 0.5714152073826888 0.5714152073826888 0.0 0.0 0.0 0.0 0.0 0.0 0.0 0.0 0.0 0.0 0.0 0.0 0.0 0.0 0.0 0.0 0.0 0.0 0.0 0.0 
0.30240216833465805 0.30240216833465805 0.26817337666925134 0.26817337666925134 0.0 0.0 0.0 0.0 0.6268465998024368 0.6268465998024368 0.6268465998024366 0.6268465998024366 0.0 0.0 0.0 0.0 0.0 0.0 0.0 0.0 0.0 0.0 0.0 0.0 0.0 0.0 0.0 0.0 0.0 0.0 0.0 0.0 
0.0 0.0 0.0 0.0 0.0 0.0 0.0 0.0 0.0 0.0 0.0 0.0 0.0 0.0 1.1045586166054828 1.1045586166054828 0.0 0.0 0.0 0.0 0.0 0.0 0.0 0.0 0.0 0.0 0.0 0.0 0.0 0.0 0.0 0.0 
0.0 0.0 0.0 0.0 0.0 0.0 0.0 0.0 0.0 0.0 0.0 0.0 0.0 0.0 1.2824557135834096 1.2824557135834096 0.0 0.0 0.0 0.0 0.0 0.0 0.0 0.0 0.0 0.0 0.0 0.0 0.0 0.0 0.0 0.0 
0.0 0.0 0.0 0.0 0.0 0.0 0.0 0.0 0.0 0.0 0.0 0.0 0.09393138347205321 0.09393138347205321 1.3427639237079847 1.3427639237079847 0.0 0.0 0.0 0.0 0.0 0.0 0.0 0.0 0.0 0.0 0.0 0.0 0.0 0.0 0.0 0.0 
0.0 0.0 0.0 0.0 0.0 0.0 0.0 0.0 0.0 0.0 0.0 0.0 0.2895644168739562 0.2895644168739562 1.2815464589766774 1.2815464589766774 0.0 0.0 0.0 0.0 0.0 0.0 0.0 0.0 0.0 0.0 0.0 0.0 0.0 0.0 0.0 0.0 
0.0 0.0 0.0 0.0 0.0 0.0 0.0 0.0 0.06722355729237517 0.06722355729237517 0.0 0.0 0.46148371723446635 0.46148371723446635 1.158529867406126 1.158529867406126 0.0 0.0 0.0 0.0 0.0 0.0 0.0 0.0 0.0 0.0 0.0 0.0 0.0 0.0 0.0 0.0 
0.0 0.0 0.0 0.0 0.0 0.0 0.40299714592706226 0.40299714592706226 0.14501092700740892 0.14501092700740892 0.0 0.0 0.6098636160661517 0.6098636160661517 0.6276593203463574 0.6276593203463574 0.0 0.0 0.0 0.0 0.0 0.0 0.0 0.0 0.0 0.0 0.0 0.0 0.0 0.0 0.0 0.0 
0.0 0.0 0.0 0.0 0.1392489519915201 0.1392489519915201 0.5358367419707666 0.5358367419707666 0.23583490817898345 0.23583490817898345 0.0 0.0 0.5954433372519348 0.5954433372519348 0.3596084290729511 0.3596084290729511 0.0 0.0 0.0 0.0 0.0 0.0 0.0 0.0 0.0 0.0 0.0 0.0 0.0 0.0 0.0 0.0 
0.0 0.0 0.0 0.0 0.28787596198516363 0.28787596198516363 0.5442726454763724 0.5442726454763724 0.34738897818447656 0.34738897818447656 0.0 0.0 0.5481335439833357 0.5481335439833357 0.20074456579885913 0.20074456579885913 0.0 0.0 0.0 0.0 0.0 0.0 0.0 0.0 0.0 0.0 0.0 0.0 0.0 0.0 0.0 0.0 
0.0 0.0 0.0 0.0 0.39287085359313023 0.39287085359313023 0.5375469299656501 0.5375469299656501 0.49187204941450613 0.49187204941450613 0.0 0.0 0.5211978500665024 0.5211978500665024 0.02932580065199608 0.02932580065199608 0.0 0.0 0.0 0.0 0.0 0.0 0.0 0.0 0.0 0.0 0.0 0.0 0.0 0.0 0.0 0.0 
0.18356624703130775 0.18356624703130775 0.0 0.0 0.46253469892755694 0.46253469892755694 0.3394464111130402 0.3394464111130402 0.5069032416135115 0.5069032416135115 0.0 0.0 0.5069032416135113 0.5069032416135113 0.0 0.0 0.0 0.0 0.0 0.0 0.0 0.0 0.0 0.0 0.0 0.0 0.0 0.0 0.0 0.0 0.0 0.0 
0.48201049411361274 0.48201049411361274 0.0 0.0 0.5008932237464219 0.5008932237464219 0.021323982329237268 0.021323982329237268 0.5021505024965682 0.5021505024965682 0.0 0.0 0.5021505024965682 0.5021505024965682 0.0 0.0 0.0 0.0 0.0 0.0 0.0 0.0 0.0 0.0 0.0 0.0 0.0 0.0 0.0 0.0 0.0 0.0 
0.47924092384626205 0.47924092384626205 0.47974680997951413 0.47974680997951413 0.030675677185497907 0.030675677185497907 0.0 0.0 0.5057397976737883 0.5057397976737883 0.0 0.0 0.5057397976737881 0.5057397976737881 0.0 0.0 0.0 0.0 0.0 0.0 0.0 0.0 0.0 0.0 0.0 0.0 0.0 0.0 0.0 0.0 0.0 0.0 
0.45024858684006763 0.45024858684006763 0.49270682705153135 0.49270682705153135 0.0 0.0 0.0 0.0 0.5176604544289998 0.5176604544289998 0.5176604544289996 0.5176604544289996 0.0 0.0 0.0 0.0 0.0 0.0 0.0 0.0 0.0 0.0 0.0 0.0 0.0 0.0 0.0 0.0 0.0 0.0 0.0 0.0 
0.41465025486631535 0.41465025486631535 0.44833364926387764 0.44833364926387764 0.0 0.0 0.0 0.0 0.5391137129982022 0.5391137129982022 0.5391137129982022 0.5391137129982022 0.0 0.0 0.0 0.0 0.0 0.0 0.0 0.0 0.0 0.0 0.0 0.0 0.0 0.0 0.0 0.0 0.0 0.0 0.0 0.0 
0.3687109504174373 0.3687109504174373 0.37598406714051036 0.37598406714051036 0.0 0.0 0.0 0.0 0.5733247037902474 0.5733247037902474 0.5733247037902474 0.5733247037902474 0.0 0.0 0.0 0.0 0.0 0.0 0.0 0.0 0.0 0.0 0.0 0.0 0.0 0.0 0.0 0.0 0.0 0.0 0.0 0.0 
0.3033675408408254 0.3033675408408254 0.2690294790118637 0.2690294790118637 0.0 0.0 0.0 0.0 0.6288477113565261 0.6288477113565261 0.6288477113565261 0.6288477113565261 0.0 0.0 0.0 0.0 0.0 0.0 0.0 0.0 0.0 0.0 0.0 0.0 0.0 0.0 0.0 0.0 0.0 0.0 0.0 0.0 
0.0 0.0 0.0 0.0 0.0 0.0 0.0 0.0 0.0 0.0 0.0 0.0 0.0 0.0 1.1115550990180674 1.1115550990180674 0.0 0.0 0.0 0.0 0.0 0.0 0.0 0.0 0.0 0.0 0.0 0.0 0.0 0.0 0.0 0.0 
0.0 0.0 0.0 0.0 0.0 0.0 0.0 0.0 0.0 0.0 0.0 0.0 0.0 0.0 1.2909559273502706 1.2909559273502706 0.0 0.0 0.0 0.0 0.0 0.0 0.0 0.0 0.0 0.0 0.0 0.0 0.0 0.0 0.0 0.0 
0.0 0.0 0.0 0.0 0.0 0.0 0.0 0.0 0.0 0.0 0.0 0.0 0.09457975274542507 0.09457975274542507 1.352032464608195 1.352032464608195 0.0 0.0 0.0 0.0 0.0 0.0 0.0 0.0 0.0 0.0 0.0 0.0 0.0 0.0 0.0 0.0 
0.0 0.0 0.0 0.0 0.0 0.0 0.0 0.0 0.0 0.0 0.0 0.0 0.29163460885834436 0.29163460885834436 1.29070865934521 1.29070865934521 0.0 0.0 0.0 0.0 0.0 0.0 0.0 0.0 0.0 0.0 0.0 0.0 0.0 0.0 0.0 0.0 
0.0 0.0 0.0 0.0 0.0 0.0 0.0 0.0 0.06771830955934766 0.06771830955934766 0.0 0.0 0.46488014736206873 0.46488014736206873 1.1670564212116752 1.1670564212116752 0.0 0.0 0.0 0.0 0.0 0.0 0.0 0.0 0.0 0.0 0.0 0.0 0.0 0.0 0.0 0.0 
0.0 0.0 0.0 0.0 0.0 0.0 0.4060300929148801 0.4060300929148801 0.14610227581400093 0.14610227581400093 0.0 0.0 0.6144534352150468 0.6144534352150468 0.6323830695447266 0.6323830695447266 0.0 0.0 0.0 0.0 0.0 0.0 0.0 0.0 0.0 0.0 0.0 0.0 0.0 0.0 0.0 0.0 
0.0 0.0 0.0 0.0 0.14031295181393588 0.14031295181393588 0.5399310650528979 0.5399310650528979 0.237636920307861 0.237636920307861 0.0 0.0 0.5999931137208754 0.5999931137208754 0.3623561934130144 0.3623561934130144 0.0 0.0 0.0 0.0 0.0 0.0 0.0 0.0 0.0 0.0 0.0 0.0 0.0 0.0 0.0 0.0 
0.0 0.0 0.0 0.0 0.29009255649887766 0.29009255649887766 0.5484634495699419 0.5484634495699419 0.3500638125049891 0.3500638125049891 0.0 0.0 0.5523540763195465 0.5523540763195465 0.20229026381455717 0.20229026381455717 0.0 0.0 0.0 0.0 0.0 0.0 0.0 0.0 0.0 0.0 0.0 0.0 0.0 0.0 0.0 0.0 
0.0 0.0 0.0 0.0 0.39589589039254536 0.39589589039254536 0.5416859472271429 0.5416859472271429 0.4956593780912837 0.4956593780912837 0.0 0.0 0.5252109822747304 0.5252109822747304 0.029551604183446267 0.029551604183446267 0.0 0.0 0.0 0.0 0.0 0.0 0.0 0.0 0.0 0.0 0.0 0.0 0.0 0.0 0.0 0.0 
0.18496887485327518 0.18496887485327518 0.0 0.0 0.46606892184616644 0.46606892184616644 0.34204011767943787 0.34204011767943787 0.5107764841144127 0.5107764841144127 0.0 0.0 0.5107764841144129 0.5107764841144129 0.0 0.0 0.0 0.0 0.0 0.0 0.0 0.0 0.0 0.0 0.0 0.0 0.0 0.0 0.0 0.0 0.0 0.0 
0.48563809369091215 0.48563809369091215 0.0 0.0 0.5046629343002893 0.5046629343002893 0.02148446611585264 0.02148446611585264 0.5059296753005671 0.5059296753005671 0.0 0.0 0.5059296753005671 0.5059296753005671 0.0 0.0 0.0 0.0 0.0 0.0 0.0 0.0 0.0 0.0 0.0 0.0 0.0 0.0 0.0 0.0 0.0 0.0 
0.48276804355025904 0.48276804355025904 0.4832776529067573 0.4832776529067573 0.030901444185040372 0.030901444185040372 0.0 0.0 0.5094619439194672 0.5094619439194672 0.0 0.0 0.5094619439194674 0.5094619439194674 0.0 0.0 0.0 0.0 0.0 0.0 0.0 0.0 0.0 0.0 0.0 0.0 0.0 0.0 0.0 0.0 0.0 0.0 
0.4534675632098928 0.4534675632098928 0.4962293514522438 0.4962293514522438 0.0 0.0 0.0 0.0 0.5213613805820247 0.5213613805820247 0.5213613805820247 0.5213613805820247 0.0 0.0 0.0 0.0 0.0 0.0 0.0 0.0 0.0 0.0 0.0 0.0 0.0 0.0 0.0 0.0 0.0 0.0 0.0 0.0 
0.4175124131196424 0.4175124131196424 0.4514283099795655 0.4514283099795655 0.0 0.0 0.0 0.0 0.5428349907377692 0.5428349907377692 0.5428349907377692 0.5428349907377692 0.0 0.0 0.0 0.0 0.0 0.0 0.0 0.0 0.0 0.0 0.0 0.0 0.0 0.0 0.0 0.0 0.0 0.0 0.0 0.0 
0.3711547945701299 0.3711547945701299 0.37847611806264014 0.37847611806264014 0.0 0.0 0.0 0.0 0.5771247434239135 0.5771247434239135 0.5771247434239135 0.5771247434239135 0.0 0.0 0.0 0.0 0.0 0.0 0.0 0.0 0.0 0.0 0.0 0.0 0.0 0.0 0.0 0.0 0.0 0.0 0.0 0.0 
0.30528912800888786 0.30528912800888786 0.2707335624258853 0.2707335624258853 0.0 0.0 0.0 0.0 0.6328309512557546 0.6328309512557546 0.6328309512557548 0.6328309512557548 0.0 0.0 0.0 0.0 0.0 0.0 0.0 0.0 0.0 0.0 0.0 0.0 0.0 0.0 0.0 0.0 0.0 0.0 0.0 0.0 
0.0 0.0 0.0 0.0 0.0 0.0 0.0 0.0 0.0 0.0 0.0 0.0 0.0 0.0 1.1219680205364726 1.1219680205364726 0.0 0.0 0.0 0.0 0.0 0.0 0.0 0.0 0.0 0.0 0.0 0.0 0.0 0.0 0.0 0.0 
0.0 0.0 0.0 0.0 0.0 0.0 0.0 0.0 0.0 0.0 0.0 0.0 0.0 0.0 1.3036023281460798 1.3036023281460798 0.0 0.0 0.0 0.0 0.0 0.0 0.0 0.0 0.0 0.0 0.0 0.0 0.0 0.0 0.0 0.0 
0.0 0.0 0.0 0.0 0.0 0.0 0.0 0.0 0.0 0.0 0.0 0.0 0.0955440572301769 0.0955440572301769 1.3658173491242442 1.3658173491242442 0.0 0.0 0.0 0.0 0.0 0.0 0.0 0.0 0.0 0.0 0.0 0.0 0.0 0.0 0.0 0.0 
0.0 0.0 0.0 0.0 0.0 0.0 0.0 0.0 0.0 0.0 0.0 0.0 0.2947126319494462 0.2947126319494462 1.3043312916963565 1.3043312916963565 0.0 0.0 0.0 0.0 0.0 0.0 0.0 0.0 0.0 0.0 0.0 0.0 0.0 0.0 0.0 0.0 
0.0 0.0 0.0 0.0 0.0 0.0 0.0 0.0 0.06845373358245088 0.06845373358245088 0.0 0.0 0.4699287676016821 0.4699287676016821 1.1797307087723128 1.1797307087723128 0.0 0.0 0.0 0.0 0.0 0.0 0.0 0.0 0.0 0.0 0.0 0.0 0.0 0.0 0.0 0.0 
0.0 0.0 0.0 0.0 0.0 0.0 0.41053750308969406 0.41053750308969406 0.14772418240678675 0.14772418240678675 0.0 0.0 0.621274588903332 0.621274588903332 0.6394032631998074 0.6394032631998074 0.0 0.0 0.0 0.0 0.0 0.0 0.0 0.0 0.0 0.0 0.0 0.0 0.0 0.0 0.0 0.0 
0.0 0.0 0.0 0.0 0.14189399272254422 0.14189399272254422 0.5460149873896536 0.5460149873896536 0.2403146039254116 0.2403146039254116 0.0 0.0 0.6067538128966268 0.6067538128966268 0.3664392089712154 0.3664392089712154 0.0 0.0 0.0 0.0 0.0 0.0 0.0 0.0 0.0 0.0 0.0 0.0 0.0 0.0 0.0 0.0 
0.0 0.0 0.0 0.0 0.29338604961178705 0.29338604961178705 0.5546902918427763 0.5546902918427763 0.35403817423794526 0.35403817423794526 0.0 0.0 0.5586250898477902 0.5586250898477902 0.2045869156098452 0.2045869156098452 0.0 0.0 0.0 0.0 0.0 0.0 0.0 0.0 0.0 0.0 0.0 0.0 0.0 0.0 0.0 0.0 
0.0 0.0 0.0 0.0 0.4003905951315265 0.4003905951315265 0.5478358428262766 0.5478358428262766 0.5012867225767668 0.5012867225767668 0.0 0.0 0.5311738334896097 0.5311738334896097 0.02988711091284335 0.02988711091284335 0.0 0.0 0.0 0.0 0.0 0.0 0.0 0.0 0.0 0.0 0.0 0.0 0.0 0.0 0.0 0.0 
0.18705309697376737 0.18705309697376737 0.0 0.0 0.47132056841295444 0.47132056841295444 0.3458942124828417 0.3458942124828417 0.5165318937619181 0.5165318937619181 0.0 0.0 0.5165318937619179 0.5165318937619179 0.0 0.0 0.0 0.0 0.0 0.0 0.0 0.0 0.0 0.0 0.0 0.0 0.0 0.0 0.0 0.0 0.0 0.0 
0.49102924602907594 0.49102924602907594 0.0 0.0 0.5102652846792712 0.5102652846792712 0.02172296888414671 0.02172296888414671 0.511546087990135 0.511546087990135 0.0 0.0 0.5115460879901348 0.5115460879901348 0.0 0.0 0.0 0.0 0.0 0.0 0.0 0.0 0.0 0.0 0.0 0.0 0.0 0.0 0.0 0.0 0.0 0.0 
0.4880109271828157 0.4880109271828157 0.48852607092086675 0.48852607092086675 0.031237035320585083 0.031237035320585083 0.0 0.0 0.5149947245640687 0.5149947245640687 0.0 0.0 0.5149947245640689 0.5149947245640689 0.0 0.0 0.0 0.0 0.0 0.0 0.0 0.0 0.0 0.0 0.0 0.0 0.0 0.0 0.0 0.0 0.0 0.0 
0.4582536331351621 0.4582536331351621 0.5014667456292603 0.5014667456292603 0.0 0.0 0.0 0.0 0.5268640277970507 0.5268640277970507 0.5268640277970507 0.5268640277970507 0.0 0.0 0.0 0.0 0.0 0.0 0.0 0.0 0.0 0.0 0.0 0.0 0.0 0.0 0.0 0.0 0.0 0.0 0.0 0.0 
0.4217692342755879 0.4217692342755879 0.45603092662024247 0.45603092662024247 0.0 0.0 0.0 0.0 0.5483695602503145 0.5483695602503145 0.5483695602503147 0.5483695602503147 0.0 0.0 0.0 0.0 0.0 0.0 0.0 0.0 0.0 0.0 0.0 0.0 0.0 0.0 0.0 0.0 0.0 0.0 0.0 0.0 
0.3747906834412993 0.3747906834412993 0.3821837277333193 0.3821837277333193 0.0 0.0 0.0 0.0 0.5827783452703359 0.5827783452703359 0.5827783452703361 0.5827783452703361 0.0 0.0 0.0 0.0 0.0 0.0 0.0 0.0 0.0 0.0 0.0 0.0 0.0 0.0 0.0 0.0 0.0 0.0 0.0 0.0 
0.3081490417758166 0.3081490417758166 0.27326976359165167 0.27326976359165167 0.0 0.0 0.0 0.0 0.638759239503152 0.638759239503152 0.6387592395031523 0.6387592395031523 0.0 0.0 0.0 0.0 0.0 0.0 0.0 0.0 0.0 0.0 0.0 0.0 0.0 0.0 0.0 0.0 0.0 0.0 0.0 0.0 
0.0 0.0 0.0 0.0 0.0 0.0 0.0 0.0 0.0 0.0 0.0 0.0 0.0 0.0 1.1357034121538159 1.1357034121538159 0.0 0.0 0.0 0.0 0.0 0.0 0.0 0.0 0.0 0.0 0.0 0.0 0.0 0.0 0.0 0.0 
0.0 0.0 0.0 0.0 0.0 0.0 0.0 0.0 0.0 0.0 0.0 0.0 0.0 0.0 1.320275777276852 1.320275777276852 0.0 0.0 0.0 0.0 0.0 0.0 0.0 0.0 0.0 0.0 0.0 0.0 0.0 0.0 0.0 0.0 
0.0 0.0 0.0 0.0 0.0 0.0 0.0 0.0 0.0 0.0 0.0 0.0 0.09681485696331249 0.09681485696331249 1.3839836314980272 1.3839836314980272 0.0 0.0 0.0 0.0 0.0 0.0 0.0 0.0 0.0 0.0 0.0 0.0 0.0 0.0 0.0 0.0 
0.0 0.0 0.0 0.0 0.0 0.0 0.0 0.0 0.0 0.0 0.0 0.0 0.29876733850838244 0.29876733850838244 1.3222765036422548 1.3222765036422548 0.0 0.0 0.0 0.0 0.0 0.0 0.0 0.0 0.0 0.0 0.0 0.0 0.0 0.0 0.0 0.0 
0.0 0.0 0.0 0.0 0.0 0.0 0.0 0.0 0.06942218111270915 0.06942218111270915 0.0 0.0 0.4765770734071344 0.4765770734071344 1.1964209202697507 1.1964209202697507 0.0 0.0 0.0 0.0 0.0 0.0 0.0 0.0 0.0 0.0 0.0 0.0 0.0 0.0 0.0 0.0 
0.0 0.0 0.0 0.0 0.0 0.0 0.4164715055046808 0.4164715055046808 0.14985942132785102 0.14985942132785102 0.0 0.0 0.6302546330726844 0.6302546330726844 0.6486453433494166 0.6486453433494166 0.0 0.0 0.0 0.0 0.0 0.0 0.0 0.0 0.0 0.0 0.0 0.0 0.0 0.0 0.0 0.0 
0.0 0.0 0.0 0.0 0.14397504229119829 0.14397504229119829 0.5540229673765742 0.5540229673765742 0.24383911256206958 0.24383911256206958 0.0 0.0 0.6156526023124522 0.6156526023124522 0.3718134897503824 0.3718134897503824 0.0 0.0 0.0 0.0 0.0 0.0 0.0 0.0 0.0 0.0 0.0 0.0 0.0 0.0 0.0 0.0 
0.0 0.0 0.0 0.0 0.29772070435418785 0.29772070435418785 0.5628856061983185 0.5628856061983185 0.3592689384579255 0.3592689384579255 0.0 0.0 0.5668785391789193 0.5668785391789193 0.20760960072099355 0.20760960072099355 0.0 0.0 0.0 0.0 0.0 0.0 0.0 0.0 0.0 0.0 0.0 0.0 0.0 0.0 0.0 0.0 
0.0 0.0 0.0 0.0 0.40630619675707935 0.40630619675707935 0.555929885597924 0.555929885597924 0.5086930217930854 0.5086930217930854 0.0 0.0 0.5390217021235153 0.5390217021235153 0.030328680330430124 0.030328680330430124 0.0 0.0 0.0 0.0 0.0 0.0 0.0 0.0 0.0 0.0 0.0 0.0 0.0 0.0 0.0 0.0 
0.18979646023604513 0.18979646023604513 0.0 0.0 0.47823306306318303 0.47823306306318303 0.3509671756708981 0.3509671756708981 0.5241074679922646 0.5241074679922646 0.0 0.0 0.5241074679922639 0.5241074679922639 0.0 0.0 0.0 0.0 0.0 0.0 0.0 0.0 0.0 0.0 0.0 0.0 0.0 0.0 0.0 0.0 0.0 0.0 
0.4981266943981906 0.4981266943981906 0.0 0.0 0.5176407751248004 0.5176407751248004 0.02203695761562452 0.02203695761562452 0.5189400914579398 0.5189400914579398 0.0 0.0 0.5189400914579396 0.5189400914579396 0.0 0.0 0.0 0.0 0.0 0.0 0.0 0.0 0.0 0.0 0.0 0.0 0.0 0.0 0.0 0.0 0.0 0.0 
0.49491504990097424 0.49491504990097424 0.49543748162252355 0.49543748162252355 0.03167896051773367 0.03167896051773367 0.0 0.0 0.5222805998991125 0.5222805998991125 0.0 0.0 0.522280599899112 0.522280599899112 0.0 0.0 0.0 0.0 0.0 0.0 0.0 0.0 0.0 0.0 0.0 0.0 0.0 0.0 0.0 0.0 0.0 0.0 
0.46455836462779754 0.46455836462779754 0.5083660104797061 0.5083660104797061 0.0 0.0 0.0 0.0 0.5341127127789091 0.5341127127789091 0.5341127127789091 0.5341127127789091 0.0 0.0 0.0 0.0 0.0 0.0 0.0 0.0 0.0 0.0 0.0 0.0 0.0 0.0 0.0 0.0 0.0 0.0 0.0 0.0 
0.42737904660616133 0.42737904660616133 0.46209644232735947 0.46209644232735947 0.0 0.0 0.0 0.0 0.5556632414171851 0.5556632414171851 0.5556632414171849 0.5556632414171849 0.0 0.0 0.0 0.0 0.0 0.0 0.0 0.0 0.0 0.0 0.0 0.0 0.0 0.0 0.0 0.0 0.0 0.0 0.0 0.0 
0.37958436419817 0.37958436419817 0.3870719676554084 0.3870719676554084 0.0 0.0 0.0 0.0 0.5902322481090945 0.5902322481090945 0.5902322481090945 0.5902322481090945 0.0 0.0 0.0 0.0 0.0 0.0 0.0 0.0 0.0 0.0 0.0 0.0 0.0 0.0 0.0 0.0 0.0 0.0 0.0 0.0 
0.31192147350990096 0.31192147350990096 0.27661519514710253 0.27661519514710253 0.0 0.0 0.0 0.0 0.6465790776297133 0.6465790776297133 0.6465790776297133 0.6465790776297133 0.0 0.0 0.0 0.0 0.0 0.0 0.0 0.0 0.0 0.0 0.0 0.0 0.0 0.0 0.0 0.0 0.0 0.0 0.0 0.0 
0.0 0.0 0.0 0.0 0.0 0.0 0.0 0.0 0.0 0.0 0.0 0.0 0.0 0.0 1.152642503973779 1.152642503973779 0.0 0.0 0.0 0.0 0.0 0.0 0.0 0.0 0.0 0.0 0.0 0.0 0.0 0.0 0.0 0.0 
0.0 0.0 0.0 0.0 0.0 0.0 0.0 0.0 0.0 0.0 0.0 0.0 0.0 0.0 1.3408260516223325 1.3408260516223325 0.0 0.0 0.0 0.0 0.0 0.0 0.0 0.0 0.0 0.0 0.0 0.0 0.0 0.0 0.0 0.0 
0.0 0.0 0.0 0.0 0.0 0.0 0.0 0.0 0.0 0.0 0.0 0.0 0.09838027546137651 0.09838027546137651 1.4063615355276118 1.4063615355276118 0.0 0.0 0.0 0.0 0.0 0.0 0.0 0.0 0.0 0.0 0.0 0.0 0.0 0.0 0.0 0.0 
0.0 0.0 0.0 0.0 0.0 0.0 0.0 0.0 0.0 0.0 0.0 0.0 0.30375961955203445 0.30375961955203445 1.3443712076904242 1.3443712076904242 0.0 0.0 0.0 0.0 0.0 0.0 0.0 0.0 0.0 0.0 0.0 0.0 0.0 0.0 0.0 0.0 
0.0 0.0 0.0 0.0 0.0 0.0 0.0 0.0 0.07061406529000869 0.07061406529000869 0.0 0.0 0.48475925183992397 0.48475925183992397 1.216961835887833 1.216961835887833 0.0 0.0 0.0 0.0 0.0 0.0 0.0 0.0 0.0 0.0 0.0 0.0 0.0 0.0 0.0 0.0 
0.0 0.0 0.0 0.0 0.0 0.0 0.4237721754847805 0.4237721754847805 0.15248642981237426 0.15248642981237426 0.0 0.0 0.6413028825175418 0.6413028825175418 0.6600159786109605 0.6600159786109605 0.0 0.0 0.0 0.0 0.0 0.0 0.0 0.0 0.0 0.0 0.0 0.0 0.0 0.0 0.0 0.0 
0.0 0.0 0.0 0.0 0.14653479908459222 0.14653479908459222 0.5638730360542381 0.5638730360542381 0.2481743696659584 0.2481743696659584 0.0 0.0 0.626598394764116 0.626598394764116 0.3784240250981572 0.3784240250981572 0.0 0.0 0.0 0.0 0.0 0.0 0.0 0.0 0.0 0.0 0.0 0.0 0.0 0.0 0.0 0.0 
0.0 0.0 0.0 0.0 0.30305184774074867 0.30305184774074867 0.5729649316633831 0.5729649316633831 0.365702196868392 0.365702196868392 0.0 0.0 0.5770293642002495 0.5770293642002495 0.21132716733185775 0.21132716733185775 0.0 0.0 0.0 0.0 0.0 0.0 0.0 0.0 0.0 0.0 0.0 0.0 0.0 0.0 0.0 0.0 
0.0 0.0 0.0 0.0 0.41358172903307056 0.41358172903307056 0.565884658274636 0.565884658274636 0.5178019463631933 0.5178019463631933 0.0 0.0 0.5486737079815622 0.5486737079815622 0.030871761618368687 0.030871761618368687 0.0 0.0 0.0 0.0 0.0 0.0 0.0 0.0 0.0 0.0 0.0 0.0 0.0 0.0 0.0 0.0 
0.1931708838216868 0.1931708838216868 0.0 0.0 0.4867356501263296 0.4867356501263296 0.3572070808508825 0.3572070808508825 0.5334256639122728 0.5334256639122728 0.0 0.0 0.533425663912273 0.533425663912273 0.0 0.0 0.0 0.0 0.0 0.0 0.0 0.0 0.0 0.0 0.0 0.0 0.0 0.0 0.0 0.0 0.0 0.0 
0.506858765034502 0.506858765034502 0.0 0.0 0.5267149240581062 0.5267149240581062 0.02242326148705498 0.02242326148705498 0.5280370171709847 0.5280370171709847 0.0 0.0 0.5280370171709845 0.5280370171709845 0.0 0.0 0.0 0.0 0.0 0.0 0.0 0.0 0.0 0.0 0.0 0.0 0.0 0.0 0.0 0.0 0.0 0.0 
0.5034120663822979 0.5034120663822979 0.5039434675440586 0.5039434675440586 0.032222845068591965 0.032222845068591965 0.0 0.0 0.5312474455549638 0.5312474455549638 0.0 0.0 0.5312474455549641 0.5312474455549641 0.0 0.0 0.0 0.0 0.0 0.0 0.0 0.0 0.0 0.0 0.0 0.0 0.0 0.0 0.0 0.0 0.0 0.0 
0.4723209464715197 0.4723209464715197 0.5168606003168232 0.5168606003168232 0.0 0.0 0.0 0.0 0.543037519568343 0.543037519568343 0.5430375195683435 0.5430375195683435 0.0 0.0 0.0 0.0 0.0 0.0 0.0 0.0 0.0 0.0 0.0 0.0 0.0 0.0 0.0 0.0 0.0 0.0 0.0 0.0 
0.43428942261895775 0.43428942261895775 0.46956817075208024 0.46956817075208024 0.0 0.0 0.0 0.0 0.5646478698522355 0.5646478698522355 0.5646478698522355 0.5646478698522355 0.0 0.0 0.0 0.0 0.0 0.0 0.0 0.0 0.0 0.0 0.0 0.0 0.0 0.0 0.0 0.0 0.0 0.0 0.0 0.0 
0.38549264711586084 0.38549264711586084 0.3930967961523515 0.3930967961523515 0.0 0.0 0.0 0.0 0.5994192943572747 0.5994192943572747 0.5994192943572747 0.5994192943572747 0.0 0.0 0.0 0.0 0.0 0.0 0.0 0.0 0.0 0.0 0.0 0.0 0.0 0.0 0.0 0.0 0.0 0.0 0.0 0.0 
0.31657380300355054 0.31657380300355054 0.28074092915410587 0.28074092915410587 0.0 0.0 0.0 0.0 0.656222847515078 0.656222847515078 0.6562228475150778 0.6562228475150778 0.0 0.0 0.0 0.0 0.0 0.0 0.0 0.0 0.0 0.0 0.0 0.0 0.0 0.0 0.0 0.0 0.0 0.0 0.0 0.0 
0.0 0.0 0.0 0.0 0.0 0.0 0.0 0.0 0.0 0.0 0.0 0.0 0.0 0.0 1.1726464701153014 1.1726464701153014 0.0 0.0 0.0 0.0 0.0 0.0 0.0 0.0 0.0 0.0 0.0 0.0 0.0 0.0 0.0 0.0 
0.0 0.0 0.0 0.0 0.0 0.0 0.0 0.0 0.0 0.0 0.0 0.0 0.0 0.0 1.365078073914936 1.365078073914936 0.0 0.0 0.0 0.0 0.0 0.0 0.0 0.0 0.0 0.0 0.0 0.0 0.0 0.0 0.0 0.0 
0.0 0.0 0.0 0.0 0.0 0.0 0.0 0.0 0.0 0.0 0.0 0.0 0.10022650889406126 0.10022650889406126 1.4327537332843066 1.4327537332843066 0.0 0.0 0.0 0.0 0.0 0.0 0.0 0.0 0.0 0.0 0.0 0.0 0.0 0.0 0.0 0.0 
0.0 0.0 0.0 0.0 0.0 0.0 0.0 0.0 0.0 0.0 0.0 0.0 0.3096441298710757 0.3096441298710757 1.3704147162250404 1.3704147162250404 0.0 0.0 0.0 0.0 0.0 0.0 0.0 0.0 0.0 0.0 0.0 0.0 0.0 0.0 0.0 0.0 
0.0 0.0 0.0 0.0 0.0 0.0 0.0 0.0 0.07201829351202726 0.07201829351202726 0.0 0.0 0.4943991531757659 0.4943991531757659 1.241162285869791 1.241162285869791 0.0 0.0 0.0 0.0 0.0 0.0 0.0 0.0 0.0 0.0 0.0 0.0 0.0 0.0 0.0 0.0 
0.0 0.0 0.0 0.0 0.0 0.0 0.4323702891000085 0.4323702891000085 0.15558029893393033 0.15558029893393033 0.0 0.0 0.654314579284442 0.654314579284442 0.6734073542138268 0.6734073542138268 0.0 0.0 0.0 0.0 0.0 0.0 0.0 0.0 0.0 0.0 0.0 0.0 0.0 0.0 0.0 0.0 
0.0 0.0 0.0 0.0 0.14954868368117769 0.14954868368117769 0.5754706106127028 0.5754706106127028 0.25327874701984254 0.25327874701984254 0.0 0.0 0.6394860860294105 0.6394860860294105 0.38620733900956816 0.38620733900956816 0.0 0.0 0.0 0.0 0.0 0.0 0.0 0.0 0.0 0.0 0.0 0.0 0.0 0.0 0.0 0.0 
0.0 0.0 0.0 0.0 0.30932796181495714 0.30932796181495714 0.584830865821014 0.584830865821014 0.3732757811307721 0.3732757811307721 0.0 0.0 0.588979471552793 0.588979471552793 0.21570369042202087 0.21570369042202087 0.0 0.0 0.0 0.0 0.0 0.0 0.0 0.0 0.0 0.0 0.0 0.0 0.0 0.0 0.0 0.0 
0.0 0.0 0.0 0.0 0.4221468842359535 0.4221468842359535 0.5776039620658946 0.5776039620658946 0.5285254714215273 0.5285254714215273 0.0 0.0 0.5600365780860757 0.5600365780860757 0.03151110666454837 0.03151110666454837 0.0 0.0 0.0 0.0 0.0 0.0 0.0 0.0 0.0 0.0 0.0 0.0 0.0 0.0 0.0 0.0 
0.19714396567593329 0.19714396567593329 0.0 0.0 0.49674668564613933 0.49674668564613933 0.3645540109008971 0.3645540109008971 0.5443970058865446 0.5443970058865446 0.0 0.0 0.5386673752910207 0.5386673752910207 0.0 0.0 0.0 0.0 0.0 0.0 0.0 0.0 0.0 0.0 0.0 0.0 0.0 0.0 0.0 0.0 0.0 0.0 
0.5171426616675328 0.5171426616675328 0.0 0.0 0.5374016916702224 0.5374016916702224 0.02287821761924791 0.02287821761924791 0.538750609354065 0.538750609354065 0.0 0.0 0.5387506093540653 0.5387506093540653 0.0 0.0 0.0 0.0 0.0 0.0 0.0 0.0 0.0 0.0 0.0 0.0 0.0 0.0 0.0 0.0 0.0 0.0 
0.5134228967744536 0.5134228967744536 0.5139648653565354 0.5139648653565354 0.03286362715999713 0.03286362715999713 0.0 0.0 0.5418118090831072 0.5418118090831072 0.0 0.0 0.5418118090831072 0.5418118090831072 0.0 0.0 0.0 0.0 0.0 0.0 0.0 0.0 0.0 0.0 0.0 0.0 0.0 0.0 0.0 0.0 0.0 0.0 
0.48147087063691574 0.48147087063691574 0.5268733582355849 0.5268733582355849 0.0 0.0 0.0 0.0 0.5535573835721186 0.5535573835721186 0.5535573835721181 0.5535573835721181 0.0 0.0 0.0 0.0 0.0 0.0 0.0 0.0 0.0 0.0 0.0 0.0 0.0 0.0 0.0 0.0 0.0 0.0 0.0 0.0 
0.44243942675078785 0.44243942675078785 0.47838022633641186 0.47838022633641186 0.0 0.0 0.0 0.0 0.5752442192741845 0.5752442192741845 0.5752442192741842 0.5752442192741842 0.0 0.0 0.0 0.0 0.0 0.0 0.0 0.0 0.0 0.0 0.0 0.0 0.0 0.0 0.0 0.0 0.0 0.0 0.0 0.0 
0.392465196806536 0.392465196806536 0.4002068849307592 0.4002068849307592 0.0 0.0 0.0 0.0 0.6102612153296327 0.6102612153296327 0.6102612153296327 0.6102612153296327 0.0 0.0 0.0 0.0 0.0 0.0 0.0 0.0 0.0 0.0 0.0 0.0 0.0 0.0 0.0 0.0 0.0 0.0 0.0 0.0 
0.32206790166358124 0.32206790166358124 0.28561315278110033 0.28561315278110033 0.0 0.0 0.0 0.0 0.6676115127584032 0.6676115127584032 0.6676115127584032 0.6676115127584032 0.0 0.0 0.0 0.0 0.0 0.0 0.0 0.0 0.0 0.0 0.0 0.0 0.0 0.0 0.0 0.0 0.0 0.0 0.0 0.0 
0.0 0.0 0.0 0.0 0.0 0.0 0.0 0.0 0.0 0.0 0.0 0.0 0.0 0.0 1.1955614773396803 1.1955614773396803 0.0 0.0 0.0 0.0 0.0 0.0 0.0 0.0 0.0 0.0 0.0 0.0 0.0 0.0 0.0 0.0 
0.0 0.0 0.0 0.0 0.0 0.0 0.0 0.0 0.0 0.0 0.0 0.0 0.0 0.0 1.3928384937193985 1.3928384937193985 0.0 0.0 0.0 0.0 0.0 0.0 0.0 0.0 0.0 0.0 0.0 0.0 0.0 0.0 0.0 0.0 
0.0 0.0 0.0 0.0 0.0 0.0 0.0 0.0 0.0 0.0 0.0 0.0 0.10233836027869936 0.10233836027869936 1.4629429815068251 1.4629429815068251 0.0 0.0 0.0 0.0 0.0 0.0 0.0 0.0 0.0 0.0 0.0 0.0 0.0 0.0 0.0 0.0 
0.0 0.0 0.0 0.0 0.0 0.0 0.0 0.0 0.0 0.0 0.0 0.0 0.3163710869201499 0.3163710869201499 1.4001867029870811 1.4001867029870811 0.0 0.0 0.0 0.0 0.0 0.0 0.0 0.0 0.0 0.0 0.0 0.0 0.0 0.0 0.0 0.0 
0.0 0.0 0.0 0.0 0.0 0.0 0.0 0.0 0.07362271647565466 0.07362271647565466 0.0 0.0 0.46205347981810263 0.46205347981810263 1.2688128892918926 1.2688128892918926 0.0 0.0 0.0 0.0 0.0 0.0 0.0 0.0 0.0 0.0 0.0 0.0 0.0 0.0 0.0 0.0 
0.0 0.0 0.0 0.0 0.0 0.0 0.44219016886548435 0.44219016886548435 0.1591137975760084 0.1591137975760084 0.0 0.0 0.5115735377541473 0.5115735377541473 0.688701604115564 0.688701604115564 0.0 0.0 0.0 0.0 0.0 0.0 0.0 0.0 0.0 0.0 0.0 0.0 0.0 0.0 0.0 0.0 
0.0 0.0 0.0 0.0 0.15298985962077793 0.15298985962077793 0.5887124230475738 0.5887124230475738 0.25910679383913204 0.25910679383913204 0.0 0.0 0.40592204026110457 0.40592204026110457 0.39509412670962263 0.39509412670962263 0.0 0.0 0.0 0.0 0.0 0.0 0.0 0.0 0.0 0.0 0.0 0.0 0.0 0.0 0.0 0.0 
0.0 0.0 0.0 0.0 0.31649283471461676 0.31649283471461676 0.5983771317221644 0.5983771317221644 0.3819218586228661 0.3819218586228661 0.0 0.0 0.28836668715868985 0.28836668715868985 0.22069997176947376 0.22069997176947376 0.0 0.0 0.0 0.0 0.0 0.0 0.0 0.0 0.0 0.0 0.0 0.0 0.0 0.0 0.0 0.0 
0.0 0.0 0.0 0.0 0.43192494876265153 0.43192494876265153 0.5909828333139404 0.5909828333139404 0.5407675519781956 0.5407675519781956 0.0 0.0 0.2181963626934209 0.2181963626934209 0.032240989190701175 0.032240989190701175 0.0 0.0 0.0 0.0 0.0 0.0 0.0 0.0 0.0 0.0 0.0 0.0 0.0 0.0 0.0 0.0 
0.2016803283815254 0.2016803283815254 0.0 0.0 0.5081770285996519 0.5081770285996519 0.37294254672827876 0.37294254672827876 0.5569238020584286 0.5569238020584286 0.0 0.0 0.18714038163449098 0.18714038163449098 0.0 0.0 0.0 0.0 0.0 0.0 0.0 0.0 0.0 0.0 0.0 0.0 0.0 0.0 0.0 0.0 0.0 0.0 
0.5288878691602827 0.5288878691602827 0.0 0.0 0.5496070168995693 0.5496070168995693 0.023397821652951123 0.023397821652951123 0.5509865708454373 0.5509865708454373 0.0 0.0 0.19137781654553798 0.19137781654553798 0.0 0.0 0.0 0.0 0.0 0.0 0.0 0.0 0.0 0.0 0.0 0.0 0.0 0.0 0.0 0.0 0.0 0.0 
0.5248609279394019 0.5248609279394019 0.525414970493197 0.525414970493197 0.03359576278154952 0.03359576278154952 0.0 0.0 0.5538822882081385 0.5538822882081385 0.0 0.0 0.22856923363348125 0.22856923363348125 0.0 0.0 0.0 0.0 0.0 0.0 0.0 0.0 0.0 0.0 0.0 0.0 0.0 0.0 0.0 0.0 0.0 0.0 
0.4919307294060902 0.4919307294060902 0.5383195770049465 0.5383195770049465 0.0 0.0 0.0 0.0 0.5655833074772085 0.5655833074772085 0.29716262780428915 0.29716262780428915 0.0 0.0 0.0 0.0 0.0 0.0 0.0 0.0 0.0 0.0 0.0 0.0 0.0 0.0 0.0 0.0 0.0 0.0 0.0 0.0 
0.451761973513233 0.451761973513233 0.48846007401861735 0.48846007401861735 0.0 0.0 0.0 0.0 0.5873650674847328 0.5873650674847328 0.39653871735577173 0.39653871735577173 0.0 0.0 0.0 0.0 0.0 0.0 0.0 0.0 0.0 0.0 0.0 0.0 0.0 0.0 0.0 0.0 0.0 0.0 0.0 0.0 
0.4004464242763639 0.4004464242763639 0.4083455484596903 0.4083455484596903 0.0 0.0 0.0 0.0 0.6226715732803279 0.6226715732803279 0.5280251891410814 0.5280251891410814 0.0 0.0 0.0 0.0 0.0 0.0 0.0 0.0 0.0 0.0 0.0 0.0 0.0 0.0 0.0 0.0 0.0 0.0 0.0 0.0 
0.3283615191190066 0.3283615191190066 0.2911943979612541 0.2911943979612541 0.0 0.0 0.0 0.0 0.680657492964555 0.680657492964555 0.6806574929645555 0.6806574929645555 0.0 0.0 0.0 0.0 0.0 0.0 0.0 0.0 0.0 0.0 0.0 0.0 0.0 0.0 0.0 0.0 0.0 0.0 0.0 0.0 

1.1955614773396803 1.1955614773396803 1.3928384937193985 1.3928384937193985 1.5652813417855245 1.5652813417855245 1.716557789907231 1.716557789907231 1.80448908558565 1.80448908558565 1.801579108311204 1.801579108311204 1.801825243478211 1.801825243478211 1.805858483987811 1.805858483987811 1.8141126859389096 1.8141126859389096 1.8268640874023756 1.8268640874023756 1.8442570951037784 1.8442570951037784 1.866323183055768 1.866323183055768 1.8929962416925343 1.8929962416925343 1.924125832372355 1.924125832372355 1.9594887351574635 1.9594887351574635 1.9808709030093712 1.9808709030093712 1.1726464701153014 1.1726464701153014 1.365078073914936 1.365078073914936 1.5329802421783678 1.5329802421783678 1.680058846096116 1.680058846096116 1.807579732557584 1.807579732557584 1.915672521532206 1.915672521532206 2.0039914663527005 2.0039914663527005 2.0721177707415572 2.0721177707415572 2.119824002473999 2.119824002473999 2.141509043400535 2.141509043400535 2.154923789665133 2.154923789665133 2.143875007457201 2.143875007457201 2.1154589960167374 2.1154589960167374 2.0713080916355686 2.0713080916355686 2.0131945123965607 2.0131945123965607 1.942904079961488 1.942904079961488 1.152642503973779 1.152642503973779 1.3408260516223325 1.3408260516223325 1.5047418109889883 1.5047418109889883 1.6481308272424586 1.6481308272424586 1.7723351530177656 1.7723351530177656 1.877577466425657 1.877577466425657 1.963604624667062 1.963604624667062 2.0300755078046313 2.0300755078046313 2.0768138032708308 2.0768138032708308 2.1039649426234446 2.1039649426234446 2.1120709849216324 2.1120709849216324 2.102073270104876 2.102073270104876 2.0752565859250294 2.0752565859250294 2.033153333075509 2.033153333075509 1.9774280319827617 1.9774280319827617 1.9097604271878121 1.9097604271878121 1.1357034121538159 1.1357034121538159 1.320275777276852 1.320275777276852 1.4807984884613397 1.4807984884613397 1.6210438421506372 1.6210438421506372 1.7424201747895942 1.7424201747895942 1.8452309032546328 1.8452309032546328 1.9293032142926767 1.9293032142926767 1.9943633889103447 1.9943633889103447 2.040279486602034 2.040279486602034 2.0672116349546545 2.0672116349546545 2.075684610054495 2.075684610054495 2.066592691839456 2.066592691839456 2.041149800665322 2.041149800665322 2.000801971767891 2.000801971767891 1.9471208280717673 1.9471208280717673 1.8816948239164302 1.8816948239164302 1.1219680205364726 1.1219680205364726 1.3036023281460798 1.3036023281460798 1.4613614063544211 1.4613614063544211 1.5990439236458027 1.5990439236458027 1.7181132099564458 1.7181132099564458 1.8189395375996202 1.8189395375996202 1.9014166059054516 1.9014166059054516 1.965326521150144 1.965326521150144 2.0105741049370227 2.0105741049370227 2.0373316653933995 2.0373316653933995 2.0461096755727635 2.0461096755727635 2.037763482552405 2.037763482552405 2.0134484343585237 2.0134484343585237 1.9745392813964595 1.9745392813964595 1.9225311017152906 1.9225311017152906 1.8589372843737726 1.8589372843737726 1.1115550990180674 1.1115550990180674 1.2909559273502706 1.2909559273502706 1.44661221735362 1.44661221735362 1.5823432682035543 1.5823432682035543 1.6996548781330916 1.6996548781330916 1.7989688734886544 1.7989688734886544 1.8802302443085845 1.8802302443085845 1.9432641587079122 1.9432641587079122 1.9880038021691486 1.9880038021691486 2.014630882607705 2.014630882607705 2.0236448447081883 2.0236448447081883 2.0158710284809915 2.0158710284809915 1.992419675826186 1.992419675826186 1.9546107045747463 1.9546107045747463 1.903880399480597 1.903880399480597 1.8416845929462826 1.8416845929462826 1.1045586166054828 1.1045586166054828 1.2824557135834096 1.2824557135834096 1.436695307180038 1.436695307180038 1.5711108758506336 1.5711108758506336 1.6872371419329675 1.6872371419329675 1.7855310093469803 1.7855310093469803 1.865972368466156 1.865972368466156 1.9284156954282075 1.9284156954282075 1.972813483691785 1.972813483691785 1.9993538402989277 1.9993538402989277 2.0085287051824086 2.0085287051824086 2.0011430063588502 2.0011430063588502 1.9782763227495983 1.9782763227495983 1.9412113301265974 1.9412113301265974 1.8913444251384424 1.8913444251384424 1.8300924425657412 1.8300924425657412 1.101043703582919 1.101043703582919 1.2781844087508294 1.2781844087508294 1.4317110933464676 1.4317110933464676 1.5654644573127987 1.5654644573127987 1.6809938748539195 1.6809938748539195 1.7787740087259392 1.7787740087259392 1.8588024193045458 1.8588024193045458 1.9209484236442698 1.9209484236442698 1.9651742933985974 1.9651742933985974 1.991671376381847 1.991671376381847 2.000927812429916 2.000927812429916 1.9937381964826546 1.9937381964826546 1.97116659149293 1.97116659149293 1.9344768386048758 1.9344768386048758 1.8850451755833875 1.8850451755833875 1.8242687446087829 1.8242687446087829 1.101043703582919 1.101043703582919 1.2781844087508294 1.2781844087508294 1.4317110933464676 1.4317110933464676 1.5654644573127987 1.5654644573127987 1.6809938748539195 1.6809938748539195 1.7787740087259392 1.7787740087259392 1.8588024193045458 1.8588024193045458 1.9209484236442698 1.9209484236442698 1.9651742933985974 1.9651742933985974 1.991671376381847 1.991671376381847 2.000927812429916 2.000927812429916 1.9937381964826546 1.9937381964826546 1.97116659149293 1.97116659149293 1.9344768386048758 1.9344768386048758 1.8850451755833875 1.8850451755833875 1.8242687446087829 1.8242687446087829 1.1045586166054828 1.1045586166054828 1.2824557135834096 1.2824557135834096 1.436695307180038 1.436695307180038 1.5711108758506336 1.5711108758506336 1.6872371419329675 1.6872371419329675 1.7855310093469803 1.7855310093469803 1.865972368466156 1.865972368466156 1.9284156954282075 1.9284156954282075 1.972813483691785 1.972813483691785 1.9993538402989277 1.9993538402989277 2.0085287051824086 2.0085287051824086 2.0011430063588502 2.0011430063588502 1.9782763227495983 1.9782763227495983 1.9412113301265974 1.9412113301265974 1.8913444251384424 1.8913444251384424 1.8300924425657412 1.8300924425657412 1.1115550990180674 1.1115550990180674 1.2909559273502706 1.2909559273502706 1.44661221735362 1.44661221735362 1.5823432682035543 1.5823432682035543 1.6996548781330916 1.6996548781330916 1.7989688734886544 1.7989688734886544 1.8802302443085845 1.8802302443085845 1.9432641587079122 1.9432641587079122 1.9880038021691486 1.9880038021691486 2.014630882607705 2.014630882607705 2.0236448447081883 2.0236448447081883 2.0158710284809915 2.0158710284809915 1.992419675826186 1.992419675826186 1.9546107045747463 1.9546107045747463 1.903880399480597 1.903880399480597 1.8416845929462826 1.8416845929462826 1.1219680205364726 1.1219680205364726 1.3036023281460798 1.3036023281460798 1.4613614063544211 1.4613614063544211 1.5990439236458027 1.5990439236458027 1.7181132099564458 1.7181132099564458 1.8189395375996202 1.8189395375996202 1.9014166059054516 1.9014166059054516 1.965326521150144 1.965326521150144 2.0105741049370227 2.0105741049370227 2.0373316653933995 2.0373316653933995 2.0461096755727635 2.0461096755727635 2.037763482552405 2.037763482552405 2.0134484343585237 2.0134484343585237 1.9745392813964595 1.9745392813964595 1.9225311017152906 1.9225311017152906 1.8589372843737726 1.8589372843737726 1.1357034121538159 1.1357034121538159 1.320275777276852 1.320275777276852 1.4807984884613397 1.4807984884613397 1.6210438421506372 1.6210438421506372 1.7424201747895942 1.7424201747895942 1.8452309032546328 1.8452309032546328 1.9293032142926767 1.9293032142926767 1.9943633889103447 1.9943633889103447 2.040279486602034 2.040279486602034 2.0672116349546545 2.0672116349546545 2.075684610054495 2.075684610054495 2.066592691839456 2.066592691839456 2.041149800665322 2.041149800665322 2.000801971767891 2.000801971767891 1.9471208280717673 1.9471208280717673 1.8816948239164302 1.8816948239164302 1.152642503973779 1.152642503973779 1.3408260516223325 1.3408260516223325 1.5047418109889883 1.5047418109889883 1.6481308272424586 1.6481308272424586 1.7723351530177656 1.7723351530177656 1.877577466425657 1.877577466425657 1.963604624667062 1.963604624667062 2.0300755078046313 2.0300755078046313 2.0768138032708308 2.0768138032708308 2.1039649426234446 2.1039649426234446 2.1120709849216324 2.1120709849216324 2.102073270104876 2.102073270104876 2.0752565859250294 2.0752565859250294 2.033153333075509 2.033153333075509 1.9774280319827617 1.9774280319827617 1.9097604271878121 1.9097604271878121 1.1726464701153014 1.1726464701153014 1.365078073914936 1.365078073914936 1.5329802421783678 1.5329802421783678 1.680058846096116 1.680058846096116 1.8075797325575842 1.8075797325575842 1.9156725215322077 1.9156725215322077 2.0039914663527014 2.0039914663527014 2.0721177707415572 2.0721177707415572 2.119824002473999 2.119824002473999 2.141509043400535 2.141509043400535 2.1549237896651334 2.1549237896651334 2.1438750074572006 2.1438750074572006 2.1154589960167374 2.1154589960167374 2.0713080916355686 2.0713080916355686 2.0131945123965607 2.0131945123965607 1.942904079961488 1.942904079961488 1.1955614773396803 1.1955614773396803 1.3928384937193985 1.3928384937193985 1.5652813417855245 1.5652813417855245 1.716557789907231 1.716557789907231 1.80448908558565 1.80448908558565 1.801579108311204 1.801579108311204 1.801825243478211 1.801825243478211 1.805858483987811 1.805858483987811 1.8141126859389096 1.8141126859389096 1.8268640874023756 1.8268640874023756 1.8442570951037784 1.8442570951037784 1.866323183055768 1.866323183055768 1.8929962416925343 1.8929962416925343 1.924125832372355 1.924125832372355 1.9594887351574635 1.9594887351574635 1.9808709030093712 1.9808709030093712 